4;;;;0.0010480478;0.0033502579;-9.814122E-4;0.0;0.0;0.0;0.0;-0.0;0.0;;;;22.0;5.9;43.1;0.0;37.421998333333335;-122.08400000000002;
16;;;;0.0010492168;0.0033502579;-9.831658E-4;0.0;0.0;0.0;0.0;-0.0;0.0;;;;22.0;5.9;43.1;0.0;37.421998333333335;-122.08400000000002;
59;;;;0.0010576923;0.0033502579;-9.901801E-4;0.0;0.0;0.0;0.0;-0.0;0.0;;;;22.0;5.9;43.1;0.0;37.421998333333335;-122.08400000000002;
70;;;;0.0010588614;0.0033502579;-9.907646E-4;0.0;0.0;0.0;0.0;-0.0;0.0;;;;22.0;5.9;43.1;0.0;37.421998333333335;-122.08400000000002;
81;;;;0.001061784;0.0033483505;-9.907646E-4;0.0;0.0;0.0;0.0;-0.0;0.0;;;;22.0;5.9;43.1;0.0;37.421998333333335;-122.08400000000002;
91;;;;0.001062953;0.0033502579;-9.931027E-4;0.0;0.0;0.0;0.0;-0.0;0.0;;;;22.0;5.9;43.1;0.0;37.421998333333335;-122.08400000000002;
102;;;;0.0010652911;0.0033502579;-9.948562E-4;0.0;0.0;0.0;0.0;-0.0;0.0;;;;22.0;5.9;43.1;0.0;37.421998333333335;-122.08400000000002;
113;;;;0.0010667525;0.0033493042;-9.954408E-4;0.0;0.0;0.0;0.0;-0.0;0.0;;;;22.0;5.9;43.1;0.0;37.421998333333335;-122.08400000000002;
125;;;;0.0010679215;0.0033502579;-9.971943E-4;0.0;0.0;0.0;0.0;-0.0;0.0;;;;22.0;5.9;43.1;0.0;37.421998333333335;-122.08400000000002;
136;;;;0.0010723054;0.0033512115;-0.001001286;0.0;0.0;0.0;0.0;-0.0;0.0;;;;22.0;5.9;43.1;0.0;37.421998333333335;-122.08400000000002;
146;;;;0.0010740589;0.0033493042;-0.001002455;0.0;0.0;0.0;0.0;-0.0;0.0;;;;22.0;5.9;43.1;0.0;37.421998333333335;-122.08400000000002;
156;;;;0.0010761048;0.0033493042;-0.001003624;0.0;0.0;0.0;0.0;-0.0;0.0;;;;22.0;5.9;43.1;0.0;37.421998333333335;-122.08400000000002;
167;;;;0.0010775662;0.0033493042;-0.0010042086;0.0;0.0;0.0;0.0;-0.0;0.0;;;;22.0;5.9;43.1;0.0;37.421998333333335;-122.08400000000002;
177;;;;0.0010787352;0.0033502579;-0.0010071312;0.0;0.0;0.0;0.0;-0.0;0.0;;;;22.0;5.9;43.1;0.0;37.421998333333335;-122.08400000000002;
188;;;;0.0010816578;0.0033483505;-0.0010077157;0.0;0.0;0.0;0.0;-0.0;0.0;;;;22.0;5.9;43.1;0.0;37.421998333333335;-122.08400000000002;
199;;;;0.0010834114;0.0033493042;-0.0010094693;0.0;0.0;0.0;0.0;-0.0;0.0;;;;22.0;5.9;43.1;0.0;37.421998333333335;-122.08400000000002;
212;;;;0.0010860417;0.0033493042;-0.0010100538;0.0;0.0;0.0;0.0;-0.0;0.0;;;;22.0;5.9;43.1;0.0;37.421998333333335;-122.08400000000002;
222;;;;0.0010869185;0.0033502579;-0.0010106383;0.0;0.0;0.0;0.0;-0.0;0.0;;;;22.0;5.9;43.1;0.0;37.421998333333335;-122.08400000000002;
234;;;;0.0010880876;0.0033502579;-0.0010112228;0.0;0.0;0.0;0.0;-0.0;0.0;;;;22.0;5.9;43.1;0.0;37.421998333333335;-122.08400000000002;
245;;;;0.0010895488;0.0033493042;-0.0010112228;0.0;0.0;0.0;0.0;-0.0;0.0;;;;22.0;5.9;43.1;0.0;37.421998333333335;-122.08400000000002;
256;;;;0.0010907179;0.0033502579;-0.0010123919;0.0;0.0;0.0;0.0;-0.0;0.0;;;;22.0;5.9;43.1;0.0;37.421998333333335;-122.08400000000002;
267;;;;0.0010921792;0.0033493042;-0.0010118074;0.0;0.0;0.0;0.0;-0.0;0.0;;;;22.0;5.9;43.1;0.0;37.421998333333335;-122.08400000000002;
277;;;;0.0010939328;0.0033502579;-0.0010135609;0.0;0.0;0.0;0.0;-0.0;0.0;;;;22.0;5.9;43.1;0.0;37.421998333333335;-122.08400000000002;
290;;;;0.0010939328;0.0033493042;-0.0010135609;0.0;0.0;0.0;0.0;-0.0;0.0;;;;22.0;5.9;43.1;0.0;37.421998333333335;-122.08400000000002;
302;;;;0.0010951018;0.0033502579;-0.0010153145;0.0;0.0;0.0;0.0;-0.0;0.0;;;;22.0;5.9;43.1;0.0;37.421998333333335;-122.08400000000002;
314;;;;0.0010962709;0.0033512115;-0.001017068;0.0;0.0;0.0;0.0;-0.0;0.0;;;;22.0;5.9;43.1;0.0;37.421998333333335;-122.08400000000002;
325;;;;0.0010971476;0.0033502579;-0.001017068;0.0;0.0;0.0;0.0;-0.0;0.0;;;;22.0;5.9;43.1;0.0;37.421998333333335;-122.08400000000002;
336;;;;0.0010983166;0.0033502579;-0.0010182372;0.0;0.0;0.0;0.0;-0.0;0.0;;;;22.0;5.9;43.1;0.0;37.421998333333335;-122.08400000000002;
348;;;;0.0010991935;0.0033502579;-0.0010199908;0.0;0.0;0.0;0.0;-0.0;0.0;;;;22.0;5.9;43.1;0.0;37.421998333333335;-122.08400000000002;
360;;;;0.0010989011;0.0033502579;-0.0010194062;0.0;0.0;0.0;0.0;-0.0;0.0;;;;22.0;5.9;43.1;0.0;37.421998333333335;-122.08400000000002;
372;;;;0.0011000702;0.0033502579;-0.0010199908;0.0;0.0;0.0;0.0;-0.0;0.0;;;;22.0;5.9;43.1;0.0;37.421998333333335;-122.08400000000002;
385;;;;0.0011024083;0.0033493042;-0.0010211598;0.0;0.0;0.0;0.0;-0.0;0.0;;;;22.0;5.9;43.1;0.0;37.421998333333335;-122.08400000000002;
397;;;;0.0011038696;0.0033493042;-0.0010223289;0.0;0.0;0.0;0.0;-0.0;0.0;;;;22.0;5.9;43.1;0.0;37.421998333333335;-122.08400000000002;
408;;;;0.0011056232;0.0033502579;-0.0010240824;0.0;0.0;0.0;0.0;-0.0;0.0;;;;22.0;5.9;43.1;0.0;37.421998333333335;-122.08400000000002;
419;;;;0.0011062077;0.0033502579;-0.0010252515;0.0;0.0;0.0;0.0;-0.0;0.0;;;;22.0;5.9;43.1;0.0;37.421998333333335;-122.08400000000002;
430;;;;0.0011073768;0.0033502579;-0.0010252515;0.0;0.0;0.0;0.0;-0.0;0.0;;;;22.0;5.9;43.1;0.0;37.421998333333335;-122.08400000000002;
442;;;;0.0011085458;0.0033493042;-0.001025836;0.0;0.0;0.0;0.0;-0.0;0.0;;;;22.0;5.9;43.1;0.0;37.421998333333335;-122.08400000000002;
463;;;;0.0011111761;0.0033483505;-0.0010264205;0.0;0.0;0.0;0.0;-0.0;0.0;;;;22.0;5.9;43.1;0.0;37.421998333333335;-122.08400000000002;
476;;;;0.0011126375;0.0033502579;-0.0010293431;0.0;0.0;0.0;0.0;-0.0;0.0;;;;22.0;5.9;43.1;0.0;37.421998333333335;-122.08400000000002;
487;;;;0.0011129297;0.0033502579;-0.0010293431;0.0;0.0;0.0;0.0;-0.0;0.0;;;;22.0;5.9;43.1;0.0;37.421998333333335;-122.08400000000002;
498;;;;0.001114391;0.0033502579;-0.0010305122;0.0;0.0;0.0;0.0;-0.0;0.0;;;;22.0;5.9;43.1;0.0;37.421998333333335;-122.08400000000002;
509;;;;0.0011158523;0.0033493042;-0.0010316812;0.0;0.0;0.0;0.0;-0.0;0.0;;;;22.0;5.9;43.1;0.0;37.421998333333335;-122.08400000000002;
519;;;;0.0011181904;0.0033502579;-0.0010334348;0.0;0.0;0.0;0.0;-0.0;0.0;;;;22.0;5.9;43.1;0.0;37.421998333333335;-122.08400000000002;
530;;;;0.0011190672;0.0033502579;-0.0010346038;0.0;0.0;0.0;0.0;-0.0;0.0;;;;22.0;5.9;43.1;0.0;37.421998333333335;-122.08400000000002;
542;;;;0.0011208208;0.0033493042;-0.0010351883;0.0;0.0;0.0;0.0;-0.0;0.0;;;;22.0;5.9;43.1;0.0;37.421998333333335;-122.08400000000002;
555;;;;0.0011214053;0.0033493042;-0.0010357728;0.0;0.0;0.0;0.0;-0.0;0.0;;;;22.0;5.9;43.1;0.0;37.421998333333335;-122.08400000000002;
565;;;;0.0011231588;0.0033493042;-0.0010363574;0.0;0.0;0.0;0.0;-0.0;0.0;;;;22.0;5.9;43.1;0.0;37.421998333333335;-122.08400000000002;
576;;;;0.0011243279;0.0033502579;-0.0010375264;0.0;0.0;0.0;0.0;-0.0;0.0;;;;22.0;5.9;43.1;0.0;37.421998333333335;-122.08400000000002;
586;;;;0.0011260814;0.0033502579;-0.0010381109;0.0;0.0;0.0;0.0;-0.0;0.0;;;;22.0;5.9;43.1;0.0;37.421998333333335;-122.08400000000002;
599;;;;0.0011272505;0.0033502579;-0.0010381109;0.0;0.0;0.0;0.0;-0.0;0.0;;;;22.0;5.9;43.1;0.0;37.421998333333335;-122.08400000000002;
610;;;;0.0011301731;0.0033493042;-0.001040449;0.0;0.0;0.0;0.0;-0.0;0.0;;;;22.0;5.9;43.1;0.0;37.421998333333335;-122.08400000000002;
621;;;;0.0011313421;0.0033512115;-0.0010427871;0.0;0.0;0.0;0.0;-0.0;0.0;;;;22.0;5.9;43.1;0.0;37.421998333333335;-122.08400000000002;
633;;;;0.0011328034;0.0033483505;-0.0010416181;0.0;0.0;0.0;0.0;-0.0;0.0;;;;22.0;5.9;43.1;0.0;37.421998333333335;-122.08400000000002;
646;;;;0.0011342647;0.0033502579;-0.0010439561;0.0;0.0;0.0;0.0;-0.0;0.0;;;;22.0;5.9;43.1;0.0;37.421998333333335;-122.08400000000002;
658;;;;0.0011383564;0.0033512115;-0.0010462942;0.0;0.0;0.0;0.0;-0.0;0.0;;;;22.0;5.9;43.1;0.0;37.421998333333335;-122.08400000000002;
669;;;;0.0011389409;0.0033502579;-0.0010462942;0.0;0.0;0.0;0.0;-0.0;0.0;;;;22.0;5.9;43.1;0.0;37.421998333333335;-122.08400000000002;
681;;;;0.0011404023;0.0033502579;-0.0010474633;0.0;0.0;0.0;0.0;-0.0;0.0;;;;22.0;5.9;43.1;0.0;37.421998333333335;-122.08400000000002;
692;;;;0.0011415713;0.0033502579;-0.0010486323;0.0;0.0;0.0;0.0;-0.0;0.0;;;;22.0;5.9;43.1;0.0;37.421998333333335;-122.08400000000002;
704;;;;0.0011444939;0.0033493042;-0.0010503859;0.0;0.0;0.0;0.0;-0.0;0.0;;;;22.0;5.9;43.1;0.0;37.421998333333335;-122.08400000000002;
716;;;;0.0011450785;0.0033502579;-0.001052724;0.0;0.0;0.0;0.0;-0.0;0.0;;;;22.0;5.9;43.1;0.0;37.421998333333335;-122.08400000000002;
727;;;;0.0011459552;0.0033502579;-0.0010533085;0.0;0.0;0.0;0.0;-0.0;0.0;;;;22.0;5.9;43.1;0.0;37.421998333333335;-122.08400000000002;
739;;;;0.0011482933;0.0033493042;-0.0010544775;0.0;0.0;0.0;0.0;-0.0;0.0;;;;22.0;5.9;43.1;0.0;37.421998333333335;-122.08400000000002;
751;;;;0.0011494623;0.0033502579;-0.0010562311;0.0;0.0;0.0;0.0;-0.0;0.0;;;;22.0;5.9;43.1;0.0;37.421998333333335;-122.08400000000002;
762;;;;0.0011506313;0.0033493042;-0.0010556466;0.0;0.0;0.0;0.0;-0.0;0.0;;;;22.0;5.9;43.1;0.0;37.421998333333335;-122.08400000000002;
774;;;;0.0011512159;0.0033493042;-0.0010568156;0.0;0.0;0.0;0.0;-0.0;0.0;;;;22.0;5.9;43.1;0.0;37.421998333333335;-122.08400000000002;
786;;;;0.0011538463;0.0033502579;-0.0010597382;0.0;0.0;0.0;0.0;-0.0;0.0;;;;22.0;5.9;43.1;0.0;37.421998333333335;-122.08400000000002;
797;;;;0.001154723;0.0033502579;-0.0010597382;0.0;0.0;0.0;0.0;-0.0;0.0;;;;22.0;5.9;43.1;0.0;37.421998333333335;-122.08400000000002;
808;;;;0.0011553075;0.0033493042;-0.0010609073;0.0;0.0;0.0;0.0;-0.0;0.0;;;;22.0;5.9;43.1;0.0;37.421998333333335;-122.08400000000002;
820;;;;0.0011564766;0.0033493042;-0.0010614918;0.0;0.0;0.0;0.0;-0.0;0.0;;;;22.0;5.9;43.1;0.0;37.421998333333335;-122.08400000000002;
835;;;;0.0011585224;0.0033502579;-0.0010644144;0.0;0.0;0.0;0.0;-0.0;0.0;;;;22.0;5.9;43.1;0.0;37.421998333333335;-122.08400000000002;
845;;;;0.0011593992;0.0033502579;-0.0010649989;0.0;0.0;0.0;0.0;-0.0;0.0;;;;22.0;5.9;43.1;0.0;37.421998333333335;-122.08400000000002;
856;;;;0.0011605682;0.0033502579;-0.001067337;0.0;0.0;0.0;0.0;-0.0;0.0;;;;22.0;5.9;43.1;0.0;37.421998333333335;-122.08400000000002;
867;;;;0.0011617373;0.0033502579;-0.0010690906;0.0;0.0;0.0;0.0;-0.0;0.0;;;;22.0;5.9;43.1;0.0;37.421998333333335;-122.08400000000002;
892;;;;0.0011655367;0.0033493042;-0.0010714286;0.0;0.0;0.0;0.0;-0.0;0.0;;;;22.0;5.9;43.1;0.0;37.421998333333335;-122.08400000000002;
903;;;;0.0011675825;0.0033493042;-0.0010731822;0.0;0.0;0.0;0.0;-0.0;0.0;;;;22.0;5.9;43.1;0.0;37.421998333333335;-122.08400000000002;
913;;;;0.0011687515;0.0033493042;-0.0010755203;0.0;0.0;0.0;0.0;-0.0;0.0;;;;22.0;5.9;43.1;0.0;37.421998333333335;-122.08400000000002;
924;;;;0.001169336;0.0033493042;-0.0010766893;0.0;0.0;0.0;0.0;-0.0;0.0;;;;22.0;5.9;43.1;0.0;37.421998333333335;-122.08400000000002;
935;;;;0.0011696283;0.0033493042;-0.0010772739;0.0;0.0;0.0;0.0;-0.0;0.0;;;;22.0;5.9;43.1;0.0;37.421998333333335;-122.08400000000002;
946;;;;0.0011705051;0.0033493042;-0.0010790274;0.0;0.0;0.0;0.0;-0.0;0.0;;;;22.0;5.9;43.1;0.0;37.421998333333335;-122.08400000000002;
958;;;;0.0011713819;0.0033502579;-0.00108195;0.0;0.0;0.0;0.0;-0.0;0.0;;;;22.0;5.9;43.1;0.0;37.421998333333335;-122.08400000000002;
969;;;;0.0011734277;0.0033493042;-0.0010831191;0.0;0.0;0.0;0.0;-0.0;0.0;;;;22.0;5.9;43.1;0.0;37.421998333333335;-122.08400000000002;
981;;;;0.0011743045;0.0033502579;-0.0010866262;0.0;0.0;0.0;0.0;-0.0;0.0;;;;22.0;5.9;43.1;0.0;37.421998333333335;-122.08400000000002;
991;;;;0.001174889;0.0033512115;-0.0010877952;0.0;0.0;0.0;0.0;-0.0;0.0;;;;22.0;5.9;43.1;0.0;37.421998333333335;-122.08400000000002;
1003;;;;0.0011760581;0.0033502579;-0.0010883798;0.0;0.0;0.0;0.0;-0.0;0.0;;;;22.0;5.9;43.1;0.0;37.421998333333335;-122.08400000000002;
1013;;;;0.0011769348;0.0033493042;-0.0010889643;0.0;0.0;0.0;0.0;-0.0;0.0;;;;22.0;5.9;43.1;0.0;37.421998333333335;-122.08400000000002;
1024;;;;0.0011775193;0.0033493042;-0.0010901333;0.0;0.0;0.0;0.0;-0.0;0.0;;;;22.0;5.9;43.1;0.0;37.421998333333335;-122.08400000000002;
1036;;;;0.0011783962;0.0033493042;-0.0010918869;0.0;0.0;0.0;0.0;-0.0;0.0;;;;22.0;5.9;43.1;0.0;37.421998333333335;-122.08400000000002;
1047;;;;0.0011792729;0.0033502579;-0.001094225;0.0;0.0;0.0;0.0;-0.0;0.0;;;;22.0;5.9;43.1;0.0;37.421998333333335;-122.08400000000002;
1058;;;;0.0011807343;0.0033493042;-0.0010965631;0.0;0.0;0.0;0.0;-0.0;0.0;;;;22.0;5.9;43.1;0.0;37.421998333333335;-122.08400000000002;
1070;;;;0.001181611;0.0033502579;-0.0010989011;0.0;0.0;0.0;0.0;-0.0;0.0;;;;22.0;5.9;43.1;0.0;37.421998333333335;-122.08400000000002;
1081;;;;0.0011824878;0.0033493042;-0.0010994857;0.0;0.0;0.0;0.0;-0.0;0.0;;;;22.0;5.9;43.1;0.0;37.421998333333335;-122.08400000000002;
1092;;;;0.0011830723;0.0033493042;-0.0011012392;0.0;0.0;0.0;0.0;-0.0;0.0;;;;22.0;5.9;43.1;0.0;37.421998333333335;-122.08400000000002;
1103;;;;0.0011854104;0.0033493042;-0.0011029928;0.0;0.0;0.0;0.0;-0.0;0.0;;;;22.0;5.9;43.1;0.0;37.421998333333335;-122.08400000000002;
1114;;;;0.0011868717;0.0033493042;-0.0011047464;0.0;0.0;0.0;0.0;-0.0;0.0;;;;22.0;5.9;43.1;0.0;37.421998333333335;-122.08400000000002;
1124;;;;0.0011880407;0.0033493042;-0.0011053309;0.0;0.0;0.0;0.0;-0.0;0.0;;;;22.0;5.9;43.1;0.0;37.421998333333335;-122.08400000000002;
1134;;;;0.0011889176;0.0033493042;-0.0011070844;0.0;0.0;0.0;0.0;-0.0;0.0;;;;22.0;5.9;43.1;0.0;37.421998333333335;-122.08400000000002;
1144;;;;0.0011900866;0.0033493042;-0.001107669;0.0;0.0;0.0;0.0;-0.0;0.0;;;;22.0;5.9;43.1;0.0;37.421998333333335;-122.08400000000002;
1156;;;;0.0011903788;0.0033493042;-0.001108838;0.0;0.0;0.0;0.0;-0.0;0.0;;;;22.0;5.9;43.1;0.0;37.421998333333335;-122.08400000000002;
1168;;;;0.0011915478;0.0033502579;-0.001110007;0.0;0.0;0.0;0.0;-0.0;0.0;;;;22.0;5.9;43.1;0.0;37.421998333333335;-122.08400000000002;
1179;;;;0.0011927169;0.0033493042;-0.0011111761;0.0;0.0;0.0;0.0;-0.0;0.0;;;;22.0;5.9;43.1;0.0;37.421998333333335;-122.08400000000002;
1189;;;;0.0011944704;0.0033502579;-0.0011146832;0.0;0.0;0.0;0.0;-0.0;0.0;;;;22.0;5.9;43.1;0.0;37.421998333333335;-122.08400000000002;
1201;;;;0.001195055;0.0033493042;-0.0011152677;0.0;0.0;0.0;0.0;-0.0;0.0;;;;22.0;5.9;43.1;0.0;37.421998333333335;-122.08400000000002;
1214;;;;0.0011956395;0.0033502579;-0.0011170213;0.0;0.0;0.0;0.0;-0.0;0.0;;;;22.0;5.9;43.1;0.0;37.421998333333335;-122.08400000000002;
1226;;;;0.0011959318;0.0033493042;-0.0011176058;0.0;0.0;0.0;0.0;-0.0;0.0;;;;22.0;5.9;43.1;0.0;37.421998333333335;-122.08400000000002;
1237;;;;0.0011973932;0.0033502579;-0.0011193594;0.0;0.0;0.0;0.0;-0.0;0.0;;;;22.0;5.9;43.1;0.0;37.421998333333335;-122.08400000000002;
1248;;;;0.0011979777;0.0033493042;-0.0011199439;0.0;0.0;0.0;0.0;-0.0;0.0;;;;22.0;5.9;43.1;0.0;37.421998333333335;-122.08400000000002;
1259;;;;0.0011985622;0.0033502579;-0.0011216975;0.0;0.0;0.0;0.0;-0.0;0.0;;;;22.0;5.9;43.1;0.0;37.421998333333335;-122.08400000000002;
1269;;;;0.0011991467;0.0033502579;-0.0011228665;0.0;0.0;0.0;0.0;-0.0;0.0;;;;22.0;5.9;43.1;0.0;37.421998333333335;-122.08400000000002;
1282;;;;0.0011997313;0.0033493042;-0.001123451;0.0;0.0;0.0;0.0;-0.0;0.0;;;;22.0;5.9;43.1;0.0;37.421998333333335;-122.08400000000002;
1292;;;;0.0012016309;0.0033502579;-0.0011269582;0.0;0.0;0.0;0.0;-0.0;0.0;;;;22.0;5.9;43.1;0.0;37.421998333333335;-122.08400000000002;
1304;;;;0.0012026539;0.0033502579;-0.0011281272;0.0;0.0;0.0;0.0;-0.0;0.0;;;;22.0;5.9;43.1;0.0;37.421998333333335;-122.08400000000002;
1315;;;;0.0012030922;0.0033502579;-0.0011298808;0.0;0.0;0.0;0.0;-0.0;0.0;;;;22.0;5.9;43.1;0.0;37.421998333333335;-122.08400000000002;
1333;;;;0.0012042612;0.0033512115;-0.0011328034;0.0;0.0;0.0;0.0;-0.0;0.0;;;;22.0;5.9;43.1;0.0;37.421998333333335;-122.08400000000002;
1342;;;;0.001205138;0.0033493042;-0.0011316343;0.0;0.0;0.0;0.0;-0.0;0.0;;;;22.0;5.9;43.1;0.0;37.421998333333335;-122.08400000000002;
1354;;;;0.0012065993;0.0033493042;-0.0011339724;0.0;0.0;0.0;0.0;-0.0;0.0;;;;22.0;5.9;43.1;0.0;37.421998333333335;-122.08400000000002;
1366;;;;0.0012074761;0.0033502579;-0.001135726;0.0;0.0;0.0;0.0;-0.0;0.0;;;;22.0;5.9;43.1;0.0;37.421998333333335;-122.08400000000002;
1377;;;;0.0012090836;0.0033493042;-0.0011374797;0.0;0.0;0.0;0.0;-0.0;0.0;;;;22.0;5.9;43.1;0.0;37.421998333333335;-122.08400000000002;
1386;;;;0.0012101064;0.0033512115;-0.0011398178;0.0;0.0;0.0;0.0;-0.0;0.0;;;;22.0;5.9;43.1;0.0;37.421998333333335;-122.08400000000002;
1406;;;;0.0012117139;0.0033493042;-0.0011409868;0.0;0.0;0.0;0.0;-0.0;0.0;;;;22.0;5.9;43.1;0.0;37.421998333333335;-122.08400000000002;
1416;;;;0.0012127368;0.0033502579;-0.0011427404;0.0;0.0;0.0;0.0;-0.0;0.0;;;;22.0;5.9;43.1;0.0;37.421998333333335;-122.08400000000002;
1427;;;;0.0012127368;0.0033502579;-0.0011427404;0.0;0.0;0.0;0.0;-0.0;0.0;;;;22.0;5.9;43.1;0.0;37.421998333333335;-122.08400000000002;
1438;;;;0.0012139059;0.0033493042;-0.0011439094;0.0;0.0;0.0;0.0;-0.0;0.0;;;;22.0;5.9;43.1;0.0;37.421998333333335;-122.08400000000002;
1450;;;;0.0012144904;0.0033502579;-0.0011462475;0.0;0.0;0.0;0.0;-0.0;0.0;;;;22.0;5.9;43.1;0.0;37.421998333333335;-122.08400000000002;
1461;;;;0.001215221;0.0033512115;-0.001148001;0.0;0.0;0.0;0.0;-0.0;0.0;;;;22.0;5.9;43.1;0.0;37.421998333333335;-122.08400000000002;
1471;;;;0.0012158055;0.0033502579;-0.0011491701;0.0;0.0;0.0;0.0;-0.0;0.0;;;;22.0;5.9;43.1;0.0;37.421998333333335;-122.08400000000002;
1481;;;;0.0012159516;0.0033493042;-0.0011497546;0.0;0.0;0.0;0.0;-0.0;0.0;;;;22.0;5.9;43.1;0.0;37.421998333333335;-122.08400000000002;
1491;;;;0.0012166824;0.0033502579;-0.0011515082;0.0;0.0;0.0;0.0;-0.0;0.0;;;;22.0;5.9;43.1;0.0;37.421998333333335;-122.08400000000002;
1502;;;;0.0012172669;0.0033493042;-0.0011515082;0.0;0.0;0.0;0.0;-0.0;0.0;;;;22.0;5.9;43.1;0.0;37.421998333333335;-122.08400000000002;
1513;;;;0.0012179975;0.0033502579;-0.0011550153;0.0;0.0;0.0;0.0;-0.0;0.0;;;;22.0;5.9;43.1;0.0;37.421998333333335;-122.08400000000002;
1524;;;;0.0012181436;0.0033493042;-0.0011550153;0.0;0.0;0.0;0.0;-0.0;0.0;;;;22.0;5.9;43.1;0.0;37.421998333333335;-122.08400000000002;
1534;;;;0.0012184359;0.0033502579;-0.0011567689;0.0;0.0;0.0;0.0;-0.0;0.0;;;;22.0;5.9;43.1;0.0;37.421998333333335;-122.08400000000002;
1546;;;;0.0012200433;0.0033493042;-0.001159107;0.0;0.0;0.0;0.0;-0.0;0.0;;;;22.0;5.9;43.1;0.0;37.421998333333335;-122.08400000000002;
1561;;;;0.0012203356;0.0033493042;-0.0011608605;0.0;0.0;0.0;0.0;-0.0;0.0;;;;22.0;5.9;43.1;0.0;37.421998333333335;-122.08400000000002;
1574;;;;0.0012217968;0.0033493042;-0.0011637831;0.0;0.0;0.0;0.0;-0.0;0.0;;;;22.0;5.9;43.1;0.0;37.421998333333335;-122.08400000000002;
1585;;;;0.0012222353;0.0033493042;-0.0011661212;0.0;0.0;0.0;0.0;-0.0;0.0;;;;22.0;5.9;43.1;0.0;37.421998333333335;-122.08400000000002;
1596;;;;0.0012228198;0.0033502579;-0.0011672903;0.0;0.0;0.0;0.0;-0.0;0.0;;;;22.0;5.9;43.1;0.0;37.421998333333335;-122.08400000000002;
1608;;;;0.0012228198;0.0033493042;-0.0011684593;0.0;0.0;0.0;0.0;-0.0;0.0;;;;22.0;5.9;43.1;0.0;37.421998333333335;-122.08400000000002;
1619;;;;0.0012234043;0.0033502579;-0.0011702129;0.0;0.0;0.0;0.0;-0.0;0.0;;;;22.0;5.9;43.1;0.0;37.421998333333335;-122.08400000000002;
1631;;;;0.0012241349;0.0033502579;-0.001172551;0.0;0.0;0.0;0.0;-0.0;0.0;;;;22.0;5.9;43.1;0.0;37.421998333333335;-122.08400000000002;
1642;;;;0.0012244273;0.0033493042;-0.0011731355;0.0;0.0;0.0;0.0;-0.0;0.0;;;;22.0;5.9;43.1;0.0;37.421998333333335;-122.08400000000002;
1654;;;;0.0012258885;0.0033502579;-0.0011760581;0.0;0.0;0.0;0.0;-0.0;0.0;;;;22.0;5.9;43.1;0.0;37.421998333333335;-122.08400000000002;
1665;;;;0.0012258885;0.0033502579;-0.0011760581;0.0;0.0;0.0;0.0;-0.0;0.0;;;;22.0;5.9;43.1;0.0;37.421998333333335;-122.08400000000002;
1676;;;;0.0012267653;0.0033502579;-0.0011778116;0.0;0.0;0.0;0.0;-0.0;0.0;;;;22.0;5.9;43.1;0.0;37.421998333333335;-122.08400000000002;
1688;;;;0.0012280805;0.0033493042;-0.0011789807;0.0;0.0;0.0;0.0;-0.0;0.0;;;;22.0;5.9;43.1;0.0;37.421998333333335;-122.08400000000002;
1700;;;;0.001228665;0.0033502579;-0.0011813188;0.0;0.0;0.0;0.0;-0.0;0.0;;;;22.0;5.9;43.1;0.0;37.421998333333335;-122.08400000000002;
1711;;;;0.0012292495;0.0033493042;-0.0011813188;0.0;0.0;0.0;0.0;-0.0;0.0;;;;22.0;5.9;43.1;0.0;37.421998333333335;-122.08400000000002;
1722;;;;0.0012302725;0.0033483505;-0.0011824878;0.0;0.0;0.0;0.0;-0.0;0.0;;;;22.0;5.9;43.1;0.0;37.421998333333335;-122.08400000000002;
1734;;;;0.0012311493;0.0033502579;-0.001185995;0.0;0.0;0.0;0.0;-0.0;0.0;;;;22.0;5.9;43.1;0.0;37.421998333333335;-122.08400000000002;
1745;;;;0.0012317338;0.0033493042;-0.0011865795;0.0;0.0;0.0;0.0;-0.0;0.0;;;;22.0;5.9;43.1;0.0;37.421998333333335;-122.08400000000002;
1758;;;;0.0012311493;0.0033493042;-0.001187164;0.0;0.0;0.0;0.0;-0.0;0.0;;;;22.0;5.9;43.1;0.0;37.421998333333335;-122.08400000000002;
1769;;;;0.0012314415;0.0033493042;-0.0011889176;0.0;0.0;0.0;0.0;-0.0;0.0;;;;22.0;5.9;43.1;0.0;37.421998333333335;-122.08400000000002;
1794;;;;0.0012312954;0.0033502579;-0.0011918402;0.0;0.0;0.0;0.0;-0.0;0.0;;;;22.0;5.9;43.1;0.0;37.421998333333335;-122.08400000000002;
1806;;;;0.0012317338;0.0033493042;-0.0011930092;0.0;0.0;0.0;0.0;-0.0;0.0;;;;22.0;5.9;43.1;0.0;37.421998333333335;-122.08400000000002;
1816;;;;0.0012321721;0.0033502579;-0.0011953473;0.0;0.0;0.0;0.0;-0.0;0.0;;;;22.0;5.9;43.1;0.0;37.421998333333335;-122.08400000000002;
1850;;;;0.0012343641;0.0033502579;-0.0012000235;0.0;0.0;0.0;0.0;-0.0;0.0;;;;22.0;5.9;43.1;0.0;37.421998333333335;-122.08400000000002;
1860;;;;0.0012345102;0.0033502579;-0.0012023615;0.0;0.0;0.0;0.0;-0.0;0.0;;;;22.0;5.9;43.1;0.0;37.421998333333335;-122.08400000000002;
1872;;;;0.0012350947;0.0033493042;-0.0012029461;0.0;0.0;0.0;0.0;-0.0;0.0;;;;22.0;5.9;43.1;0.0;37.421998333333335;-122.08400000000002;
1883;;;;0.0012350947;0.0033493042;-0.0012041151;0.0;0.0;0.0;0.0;-0.0;0.0;;;;22.0;5.9;43.1;0.0;37.421998333333335;-122.08400000000002;
1895;;;;0.0012356793;0.0033493042;-0.0012052841;0.0;0.0;0.0;0.0;-0.0;0.0;;;;22.0;5.9;43.1;0.0;37.421998333333335;-122.08400000000002;
1907;;;;0.0012362638;0.0033502579;-0.0012076222;0.0;0.0;0.0;0.0;-0.0;0.0;;;;22.0;5.9;43.1;0.0;37.421998333333335;-122.08400000000002;
1918;;;;0.0012368483;0.0033502579;-0.0012087913;0.0;0.0;0.0;0.0;-0.0;0.0;;;;22.0;5.9;43.1;0.0;37.421998333333335;-122.08400000000002;
1929;;;;0.0012371406;0.0033493042;-0.0012105448;0.0;0.0;0.0;0.0;-0.0;0.0;;;;22.0;5.9;43.1;0.0;37.421998333333335;-122.08400000000002;
1939;;;;0.001237579;0.0033502579;-0.0012128829;0.0;0.0;0.0;0.0;-0.0;0.0;;;;22.0;5.9;43.1;0.0;37.421998333333335;-122.08400000000002;
1951;;;;0.0012388942;0.0033502579;-0.0012158055;0.0;0.0;0.0;0.0;-0.0;0.0;;;;22.0;5.9;43.1;0.0;37.421998333333335;-122.08400000000002;
1963;;;;0.0012394787;0.0033493042;-0.00121639;0.0;0.0;0.0;0.0;-0.0;0.0;;;;22.0;5.9;43.1;0.0;37.421998333333335;-122.08400000000002;
1974;;;;0.0012399171;0.0033502579;-0.0012181436;0.0;0.0;0.0;0.0;-0.0;0.0;;;;22.0;5.9;43.1;0.0;37.421998333333335;-122.08400000000002;
1985;;;;0.0012400632;0.0033502579;-0.0012193127;0.0;0.0;0.0;0.0;-0.0;0.0;;;;22.0;5.9;43.1;0.0;37.421998333333335;-122.08400000000002;
1995;;;;0.0012406477;0.0033502579;-0.0012204817;0.0;0.0;0.0;0.0;-0.0;0.0;;;;22.0;5.9;43.1;0.0;37.421998333333335;-122.08400000000002;
2007;;;;0.0012405016;0.0033493042;-0.0012198972;0.0;0.0;0.0;0.0;-0.0;0.0;;;;22.0;5.9;43.1;0.0;37.421998333333335;-122.08400000000002;
2018;;;;0.0012407938;0.0033493042;-0.0012216507;0.0;0.0;0.0;0.0;-0.0;0.0;;;;22.0;5.9;43.1;0.0;37.421998333333335;-122.08400000000002;
2030;;;;0.0012402093;0.0033502579;-0.0012228198;0.0;0.0;0.0;0.0;-0.0;0.0;;;;22.0;5.9;43.1;0.0;37.421998333333335;-122.08400000000002;
2042;;;;0.0012400632;0.0033502579;-0.0012222353;0.0;0.0;0.0;0.0;-0.0;0.0;;;;22.0;5.9;43.1;0.0;37.421998333333335;-122.08400000000002;
2053;;;;0.0012396248;0.0033502579;-0.0012234043;0.0;0.0;0.0;0.0;-0.0;0.0;;;;22.0;5.9;43.1;0.0;37.421998333333335;-122.08400000000002;
2063;;;;0.0012399171;0.0033502579;-0.0012228198;0.0;0.0;0.0;0.0;-0.0;0.0;;;;22.0;5.9;43.1;0.0;37.421998333333335;-122.08400000000002;
2075;;;;0.0012396248;0.0033502579;-0.0012228198;0.0;0.0;0.0;0.0;-0.0;0.0;;;;22.0;5.9;43.1;0.0;37.421998333333335;-122.08400000000002;
2090;;;;0.0012397709;0.0033502579;-0.0012239888;0.0;0.0;0.0;0.0;-0.0;0.0;;;;22.0;5.9;43.1;0.0;37.421998333333335;-122.08400000000002;
2101;;;;0.0012400632;0.0033493042;-0.0012234043;0.0;0.0;0.0;0.0;-0.0;0.0;;;;22.0;5.9;43.1;0.0;37.421998333333335;-122.08400000000002;
2111;;;;0.0012413784;0.0033502579;-0.0012257424;0.0;0.0;0.0;0.0;-0.0;0.0;;;;22.0;5.9;43.1;0.0;37.421998333333335;-122.08400000000002;
2123;;;;0.0012415245;0.0033502579;-0.0012257424;0.0;0.0;0.0;0.0;-0.0;0.0;;;;22.0;5.9;43.1;0.0;37.421998333333335;-122.08400000000002;
2134;;;;0.0012415245;0.0033502579;-0.0012257424;0.0;0.0;0.0;0.0;-0.0;0.0;;;;22.0;5.9;43.1;0.0;37.421998333333335;-122.08400000000002;
2145;;;;0.0012416707;0.0033493042;-0.0012263269;0.0;0.0;0.0;0.0;-0.0;0.0;;;;22.0;5.9;43.1;0.0;37.421998333333335;-122.08400000000002;
2158;;;;0.0012418168;0.0033493042;-0.0012263269;0.0;0.0;0.0;0.0;-0.0;0.0;;;;22.0;5.9;43.1;0.0;37.421998333333335;-122.08400000000002;
2185;;;;0.00124094;0.0033502579;-0.001228665;0.0;0.0;0.0;0.0;-0.0;0.0;;;;22.0;5.9;43.1;0.0;37.421998333333335;-122.08400000000002;
2196;;;;0.0012413784;0.0033493042;-0.001227496;0.0;0.0;0.0;0.0;-0.0;0.0;;;;22.0;5.9;43.1;0.0;37.421998333333335;-122.08400000000002;
2208;;;;0.0012406477;0.0033493042;-0.001227496;0.0;0.0;0.0;0.0;-0.0;0.0;;;;22.0;5.9;43.1;0.0;37.421998333333335;-122.08400000000002;
2219;;;;0.0012403554;0.0033493042;-0.001227496;0.0;0.0;0.0;0.0;-0.0;0.0;;;;22.0;5.9;43.1;0.0;37.421998333333335;-122.08400000000002;
2230;;;;0.0012396248;0.0033502579;-0.001227496;0.0;0.0;0.0;0.0;-0.0;0.0;;;;22.0;5.9;43.1;0.0;37.421998333333335;-122.08400000000002;
2240;;;;0.0012402824;0.0033493042;-0.0012280805;0.0;0.0;0.0;0.0;-0.0;0.0;;;;22.0;5.9;43.1;0.0;37.421998333333335;-122.08400000000002;
2251;;;;0.0012402824;0.0033502579;-0.001228665;0.0;0.0;0.0;0.0;-0.0;0.0;;;;22.0;5.9;43.1;0.0;37.421998333333335;-122.08400000000002;
2263;;;;0.0012410131;0.0033502579;-0.0012304186;0.0;0.0;0.0;0.0;-0.0;0.0;;;;22.0;5.9;43.1;0.0;37.421998333333335;-122.08400000000002;
2274;;;;0.0012403554;0.0033512115;-0.0012310031;0.0;0.0;0.0;0.0;-0.0;0.0;;;;22.0;5.9;43.1;0.0;37.421998333333335;-122.08400000000002;
2286;;;;0.0012405746;0.0033502579;-0.0012304186;0.0;0.0;0.0;0.0;-0.0;0.0;;;;22.0;5.9;43.1;0.0;37.421998333333335;-122.08400000000002;
2296;;;;0.0012406477;0.0033502579;-0.0012315876;0.0;0.0;0.0;0.0;-0.0;0.0;;;;22.0;5.9;43.1;0.0;37.421998333333335;-122.08400000000002;
2306;;;;0.0012413053;0.0033493042;-0.0012321721;0.0;0.0;0.0;0.0;-0.0;0.0;;;;22.0;5.9;43.1;0.0;37.421998333333335;-122.08400000000002;
2317;;;;0.0012405016;0.0033493042;-0.0012321721;0.0;0.0;0.0;0.0;-0.0;0.0;;;;22.0;5.9;43.1;0.0;37.421998333333335;-122.08400000000002;
2329;;;;0.001240867;0.0033493042;-0.0012327567;0.0;0.0;0.0;0.0;-0.0;0.0;;;;22.0;5.9;43.1;0.0;37.421998333333335;-122.08400000000002;
2341;;;;0.0012401362;0.0033502579;-0.0012339257;0.0;0.0;0.0;0.0;-0.0;0.0;;;;22.0;5.9;43.1;0.0;37.421998333333335;-122.08400000000002;
2352;;;;0.0012396248;0.0033493042;-0.0012333412;0.0;0.0;0.0;0.0;-0.0;0.0;;;;22.0;5.9;43.1;0.0;37.421998333333335;-122.08400000000002;
2362;;;;0.0012392595;0.0033493042;-0.0012327567;0.0;0.0;0.0;0.0;-0.0;0.0;;;;22.0;5.9;43.1;0.0;37.421998333333335;-122.08400000000002;
2373;;;;0.0012391134;0.0033502579;-0.0012339257;0.0;0.0;0.0;0.0;-0.0;0.0;;;;22.0;5.9;43.1;0.0;37.421998333333335;-122.08400000000002;
2384;;;;0.0012385289;0.0033493042;-0.0012327567;0.0;0.0;0.0;0.0;-0.0;0.0;;;;22.0;5.9;43.1;0.0;37.421998333333335;-122.08400000000002;
2394;;;;0.0012383097;0.0033493042;-0.0012333412;0.0;0.0;0.0;0.0;-0.0;0.0;;;;22.0;5.9;43.1;0.0;37.421998333333335;-122.08400000000002;
2406;;;;0.0012382366;0.0033502579;-0.0012339257;0.0;0.0;0.0;0.0;-0.0;0.0;;;;22.0;5.9;43.1;0.0;37.421998333333335;-122.08400000000002;
2417;;;;0.0012384558;0.0033502579;-0.0012350947;0.0;0.0;0.0;0.0;-0.0;0.0;;;;22.0;5.9;43.1;0.0;37.421998333333335;-122.08400000000002;
2429;;;;0.0012382366;0.0033512115;-0.0012362638;0.0;0.0;0.0;0.0;-0.0;0.0;;;;22.0;5.9;43.1;0.0;37.421998333333335;-122.08400000000002;
2442;;;;0.0012379444;0.0033502579;-0.0012356793;0.0;0.0;0.0;0.0;-0.0;0.0;;;;22.0;5.9;43.1;0.0;37.421998333333335;-122.08400000000002;
2454;;;;0.0012380905;0.0033502579;-0.0012356793;0.0;0.0;0.0;0.0;-0.0;0.0;;;;22.0;5.9;43.1;0.0;37.421998333333335;-122.08400000000002;
2466;;;;0.0012390403;0.0033493042;-0.0012368483;0.0;0.0;0.0;0.0;-0.0;0.0;;;;22.0;5.9;43.1;0.0;37.421998333333335;-122.08400000000002;
2479;;;;0.0012377981;0.0033493042;-0.0012356793;0.0;0.0;0.0;0.0;-0.0;0.0;;;;22.0;5.9;43.1;0.0;37.421998333333335;-122.08400000000002;
2491;;;;0.0012374328;0.0033493042;-0.0012356793;0.0;0.0;0.0;0.0;-0.0;0.0;;;;22.0;5.9;43.1;0.0;37.421998333333335;-122.08400000000002;
2501;;;;0.001237579;0.0033493042;-0.0012362638;0.0;0.0;0.0;0.0;-0.0;0.0;;;;22.0;5.9;43.1;0.0;37.421998333333335;-122.08400000000002;
2524;;;;0.0012372136;0.0033493042;-0.0012362638;0.0;0.0;0.0;0.0;-0.0;0.0;;;;22.0;5.9;43.1;0.0;37.421998333333335;-122.08400000000002;
2535;;;;0.0012365561;0.0033493042;-0.0012350947;0.0;0.0;0.0;0.0;-0.0;0.0;;;;22.0;5.9;43.1;0.0;37.421998333333335;-122.08400000000002;
2547;;;;0.0012366291;0.0033502579;-0.0012368483;0.0;0.0;0.0;0.0;-0.0;0.0;;;;22.0;5.9;43.1;0.0;37.421998333333335;-122.08400000000002;
2557;;;;0.0012359716;0.0033502579;-0.0012362638;0.0;0.0;0.0;0.0;-0.0;0.0;;;;22.0;5.9;43.1;0.0;37.421998333333335;-122.08400000000002;
2569;;;;0.0012360446;0.0033493042;-0.0012362638;0.0;0.0;0.0;0.0;-0.0;0.0;;;;22.0;5.9;43.1;0.0;37.421998333333335;-122.08400000000002;
2580;;;;0.0012355332;0.0033493042;-0.0012356793;0.0;0.0;0.0;0.0;-0.0;0.0;;;;22.0;5.9;43.1;0.0;37.421998333333335;-122.08400000000002;
2592;;;;0.0012345833;0.0033502579;-0.0012362638;0.0;0.0;0.0;0.0;-0.0;0.0;;;;22.0;5.9;43.1;0.0;37.421998333333335;-122.08400000000002;
2604;;;;0.0012351678;0.0033493042;-0.0012368483;0.0;0.0;0.0;0.0;-0.0;0.0;;;;22.0;5.9;43.1;0.0;37.421998333333335;-122.08400000000002;
2615;;;;0.001235314;0.0033493042;-0.0012374328;0.0;0.0;0.0;0.0;-0.0;0.0;;;;22.0;5.9;43.1;0.0;37.421998333333335;-122.08400000000002;
2627;;;;0.0012350947;0.0033502579;-0.0012386019;0.0;0.0;0.0;0.0;-0.0;0.0;;;;22.0;5.9;43.1;0.0;37.421998333333335;-122.08400000000002;
2641;;;;0.0012340719;0.0033502579;-0.0012380173;0.0;0.0;0.0;0.0;-0.0;0.0;;;;22.0;5.9;43.1;0.0;37.421998333333335;-122.08400000000002;
2652;;;;0.0012341449;0.0033493042;-0.0012380173;0.0;0.0;0.0;0.0;-0.0;0.0;;;;22.0;5.9;43.1;0.0;37.421998333333335;-122.08400000000002;
2665;;;;0.0012338527;0.0033502579;-0.0012391864;0.0;0.0;0.0;0.0;-0.0;0.0;;;;22.0;5.9;43.1;0.0;37.421998333333335;-122.08400000000002;
2676;;;;0.0012339257;0.0033493042;-0.0012380173;0.0;0.0;0.0;0.0;-0.0;0.0;;;;22.0;5.9;43.1;0.0;37.421998333333335;-122.08400000000002;
2686;;;;0.0012329759;0.0033493042;-0.0012374328;0.0;0.0;0.0;0.0;-0.0;0.0;;;;22.0;5.9;43.1;0.0;37.421998333333335;-122.08400000000002;
2698;;;;0.0012325374;0.0033502579;-0.0012380173;0.0;0.0;0.0;0.0;-0.0;0.0;;;;22.0;5.9;43.1;0.0;37.421998333333335;-122.08400000000002;
2708;;;;0.0012327567;0.0033493042;-0.0012374328;0.0;0.0;0.0;0.0;-0.0;0.0;;;;22.0;5.9;43.1;0.0;37.421998333333335;-122.08400000000002;
2721;;;;0.0012325374;0.0033502579;-0.0012380173;0.0;0.0;0.0;0.0;-0.0;0.0;;;;22.0;5.9;43.1;0.0;37.421998333333335;-122.08400000000002;
2731;;;;0.0012325374;0.0033493042;-0.0012368483;0.0;0.0;0.0;0.0;-0.0;0.0;;;;22.0;5.9;43.1;0.0;37.421998333333335;-122.08400000000002;
2743;;;;0.0012318799;0.0033493042;-0.0012374328;0.0;0.0;0.0;0.0;-0.0;0.0;;;;22.0;5.9;43.1;0.0;37.421998333333335;-122.08400000000002;
2757;;;;0.0012332682;0.0033493042;-0.0012397709;0.0;0.0;0.0;0.0;-0.0;0.0;;;;22.0;5.9;43.1;0.0;37.421998333333335;-122.08400000000002;
2767;;;;0.0012326105;0.0033493042;-0.0012397709;0.0;0.0;0.0;0.0;-0.0;0.0;;;;22.0;5.9;43.1;0.0;37.421998333333335;-122.08400000000002;
2779;;;;0.0012316973;0.0033493042;-0.0012391864;0.0;0.0;0.0;0.0;-0.0;0.0;;;;22.0;5.9;43.1;0.0;37.421998333333335;-122.08400000000002;
2792;;;;0.0012316242;0.0033502579;-0.0012391864;0.0;0.0;0.0;0.0;-0.0;0.0;;;;22.0;5.9;43.1;0.0;37.421998333333335;-122.08400000000002;
2803;;;;0.0012318799;0.0033493042;-0.0012391864;0.0;0.0;0.0;0.0;-0.0;0.0;;;;22.0;5.9;43.1;0.0;37.421998333333335;-122.08400000000002;
2830;;;;0.0012311493;0.0033493042;-0.00124094;0.0;0.0;0.0;0.0;-0.0;0.0;;;;22.0;5.9;43.1;0.0;37.421998333333335;-122.08400000000002;
2841;;;;0.0012299437;0.0033502579;-0.0012403554;0.0;0.0;0.0;0.0;-0.0;0.0;;;;22.0;5.9;43.1;0.0;37.421998333333335;-122.08400000000002;
2852;;;;0.0012297245;0.0033493042;-0.0012391864;0.0;0.0;0.0;0.0;-0.0;0.0;;;;22.0;5.9;43.1;0.0;37.421998333333335;-122.08400000000002;
2864;;;;0.0012297975;0.0033493042;-0.0012403554;0.0;0.0;0.0;0.0;-0.0;0.0;;;;22.0;5.9;43.1;0.0;37.421998333333335;-122.08400000000002;
2876;;;;0.001229834;0.0033502579;-0.0012415245;0.0;0.0;0.0;0.0;-0.0;0.0;;;;22.0;5.9;43.1;0.0;37.421998333333335;-122.08400000000002;
2886;;;;0.0012288477;0.0033493042;-0.0012403554;0.0;0.0;0.0;0.0;-0.0;0.0;;;;22.0;5.9;43.1;0.0;37.421998333333335;-122.08400000000002;
2898;;;;0.0012285189;0.0033502579;-0.0012397709;0.0;0.0;0.0;0.0;-0.0;0.0;;;;22.0;5.9;43.1;0.0;37.421998333333335;-122.08400000000002;
2909;;;;0.0012290669;0.0033502579;-0.0012426935;0.0;0.0;0.0;0.0;-0.0;0.0;;;;22.0;5.9;43.1;0.0;37.421998333333335;-122.08400000000002;
2921;;;;0.0012287747;0.0033493042;-0.0012415245;0.0;0.0;0.0;0.0;-0.0;0.0;;;;22.0;5.9;43.1;0.0;37.421998333333335;-122.08400000000002;
2932;;;;0.0012289939;0.0033493042;-0.001243278;0.0;0.0;0.0;0.0;-0.0;0.0;;;;22.0;5.9;43.1;0.0;37.421998333333335;-122.08400000000002;
2944;;;;0.0012284823;0.0033493042;-0.0012415245;0.0;0.0;0.0;0.0;-0.0;0.0;;;;22.0;5.9;43.1;0.0;37.421998333333335;-122.08400000000002;
2955;;;;0.0012283362;0.0033502579;-0.001242109;0.0;0.0;0.0;0.0;-0.0;0.0;;;;22.0;5.9;43.1;0.0;37.421998333333335;-122.08400000000002;
2964;;;;0.0012282267;0.0033502579;-0.001243278;0.0;0.0;0.0;0.0;-0.0;0.0;;;;22.0;5.9;43.1;0.0;37.421998333333335;-122.08400000000002;
2975;;;;0.0012275325;0.0033493042;-0.001242109;0.0;0.0;0.0;0.0;-0.0;0.0;;;;22.0;5.9;43.1;0.0;37.421998333333335;-122.08400000000002;
2987;;;;0.0012274594;0.0033502579;-0.001242109;0.0;0.0;0.0;0.0;-0.0;0.0;;;;22.0;5.9;43.1;0.0;37.421998333333335;-122.08400000000002;
2997;;;;0.0012270211;0.0033493042;-0.00124094;0.0;0.0;0.0;0.0;-0.0;0.0;;;;22.0;5.9;43.1;0.0;37.421998333333335;-122.08400000000002;
3010;;;;0.001226473;0.0033502579;-0.001242109;0.0;0.0;0.0;0.0;-0.0;0.0;;;;22.0;5.9;43.1;0.0;37.421998333333335;-122.08400000000002;
3020;;;;0.0012257424;0.0033493042;-0.0012415245;0.0;0.0;0.0;0.0;-0.0;0.0;;;;22.0;5.9;43.1;0.0;37.421998333333335;-122.08400000000002;
3031;;;;0.0012252675;0.0033512115;-0.0012426935;0.0;0.0;0.0;0.0;-0.0;0.0;;;;22.0;5.9;43.1;0.0;37.421998333333335;-122.08400000000002;
3042;;;;0.0012250849;0.0033512115;-0.0012415245;0.0;0.0;0.0;0.0;-0.0;0.0;;;;22.0;5.9;43.1;0.0;37.421998333333335;-122.08400000000002;
3053;;;;0.0012248108;0.0033493042;-0.0012397709;0.0;0.0;0.0;0.0;-0.0;0.0;;;;22.0;5.9;43.1;0.0;37.421998333333335;-122.08400000000002;
3064;;;;0.0012248291;0.0033493042;-0.0012415245;0.0;0.0;0.0;0.0;-0.0;0.0;;;;22.0;5.9;43.1;0.0;37.421998333333335;-122.08400000000002;
3081;;;;0.0012236052;0.0033502579;-0.001242109;0.0;0.0;0.0;0.0;-0.0;0.0;;;;22.0;5.9;43.1;0.0;37.421998333333335;-122.08400000000002;
3094;;;;0.0012234043;0.0033502579;-0.0012415245;0.0;0.0;0.0;0.0;-0.0;0.0;;;;22.0;5.9;43.1;0.0;37.421998333333335;-122.08400000000002;
3105;;;;0.0012229659;0.0033512115;-0.0012415245;0.0;0.0;0.0;0.0;-0.0;0.0;;;;22.0;5.9;43.1;0.0;37.421998333333335;-122.08400000000002;
3115;;;;0.0012230207;0.0033493042;-0.001242109;0.0;0.0;0.0;0.0;-0.0;0.0;;;;22.0;5.9;43.1;0.0;37.421998333333335;-122.08400000000002;
3126;;;;0.0012221623;0.0033502579;-0.001242109;0.0;0.0;0.0;0.0;-0.0;0.0;;;;22.0;5.9;43.1;0.0;37.421998333333335;-122.08400000000002;
3137;;;;0.0012214864;0.0033502579;-0.001242109;0.0;0.0;0.0;0.0;-0.0;0.0;;;;22.0;5.9;43.1;0.0;37.421998333333335;-122.08400000000002;
3148;;;;0.0012214133;0.0033502579;-0.001242109;0.0;0.0;0.0;0.0;-0.0;0.0;;;;22.0;5.9;43.1;0.0;37.421998333333335;-122.08400000000002;
3159;;;;0.0012206096;0.0033502579;-0.001242109;0.0;0.0;0.0;0.0;-0.0;0.0;;;;22.0;5.9;43.1;0.0;37.421998333333335;-122.08400000000002;
3171;;;;0.0012205914;0.0033493042;-0.0012426935;0.0;0.0;0.0;0.0;-0.0;0.0;;;;22.0;5.9;43.1;0.0;37.421998333333335;-122.08400000000002;
3182;;;;0.0012201895;0.0033502579;-0.0012426935;0.0;0.0;0.0;0.0;-0.0;0.0;;;;22.0;5.9;43.1;0.0;37.421998333333335;-122.08400000000002;
3194;;;;0.0012195501;0.0033502579;-0.001242109;0.0;0.0;0.0;0.0;-0.0;0.0;;;;22.0;5.9;43.1;0.0;37.421998333333335;-122.08400000000002;
3206;;;;0.0012191392;0.0033493042;-0.00124094;0.0;0.0;0.0;0.0;-0.0;0.0;;;;22.0;5.9;43.1;0.0;37.421998333333335;-122.08400000000002;
3218;;;;0.0012180523;0.0033493042;-0.001242109;0.0;0.0;0.0;0.0;-0.0;0.0;;;;22.0;5.9;43.1;0.0;37.421998333333335;-122.08400000000002;
3229;;;;0.0012181345;0.0033493042;-0.0012426935;0.0;0.0;0.0;0.0;-0.0;0.0;;;;22.0;5.9;43.1;0.0;37.421998333333335;-122.08400000000002;
3256;;;;0.0012174861;0.0033493042;-0.001243278;0.0;0.0;0.0;0.0;-0.0;0.0;;;;22.0;5.9;43.1;0.0;37.421998333333335;-122.08400000000002;
3267;;;;0.0012173764;0.0033493042;-0.0012438626;0.0;0.0;0.0;0.0;-0.0;0.0;;;;22.0;5.9;43.1;0.0;37.421998333333335;-122.08400000000002;
3278;;;;0.001217034;0.0033502579;-0.0012438626;0.0;0.0;0.0;0.0;-0.0;0.0;;;;22.0;5.9;43.1;0.0;37.421998333333335;-122.08400000000002;
3288;;;;0.0012175363;0.0033493042;-0.0012444471;0.0;0.0;0.0;0.0;-0.0;0.0;;;;22.0;5.9;43.1;0.0;37.421998333333335;-122.08400000000002;
3300;;;;0.0012162896;0.0033502579;-0.0012444471;0.0;0.0;0.0;0.0;-0.0;0.0;;;;22.0;5.9;43.1;0.0;37.421998333333335;-122.08400000000002;
3311;;;;0.0012155133;0.0033502579;-0.0012444471;0.0;0.0;0.0;0.0;-0.0;0.0;;;;22.0;5.9;43.1;0.0;37.421998333333335;-122.08400000000002;
3322;;;;0.0012148283;0.0033493042;-0.001243278;0.0;0.0;0.0;0.0;-0.0;0.0;;;;22.0;5.9;43.1;0.0;37.421998333333335;-122.08400000000002;
3333;;;;0.0012142803;0.0033502579;-0.0012450316;0.0;0.0;0.0;0.0;-0.0;0.0;;;;22.0;5.9;43.1;0.0;37.421998333333335;-122.08400000000002;
3345;;;;0.001213891;0.0033493042;-0.0012444471;0.0;0.0;0.0;0.0;-0.0;0.0;;;;22.0;5.9;43.1;0.0;37.421998333333335;-122.08400000000002;
3357;;;;0.0012132038;0.0033493042;-0.001243278;0.0;0.0;0.0;0.0;-0.0;0.0;;;;22.0;5.9;43.1;0.0;37.421998333333335;-122.08400000000002;
3368;;;;0.0012129474;0.0033502579;-0.001243278;0.0;0.0;0.0;0.0;-0.0;0.0;;;;22.0;5.9;43.1;0.0;37.421998333333335;-122.08400000000002;
3380;;;;0.0012134081;0.0033502579;-0.0012467852;0.0;0.0;0.0;0.0;-0.0;0.0;;;;22.0;5.9;43.1;0.0;37.421998333333335;-122.08400000000002;
3390;;;;0.0012127779;0.0033493042;-0.0012462006;0.0;0.0;0.0;0.0;-0.0;0.0;;;;22.0;5.9;43.1;0.0;37.421998333333335;-122.08400000000002;
3403;;;;0.0012125267;0.0033493042;-0.0012450316;0.0;0.0;0.0;0.0;-0.0;0.0;;;;22.0;5.9;43.1;0.0;37.421998333333335;-122.08400000000002;
3415;;;;0.0012122984;0.0033502579;-0.0012467852;0.0;0.0;0.0;0.0;-0.0;0.0;;;;22.0;5.9;43.1;0.0;37.421998333333335;-122.08400000000002;
3426;;;;0.0012108508;0.0033502579;-0.0012456161;0.0;0.0;0.0;0.0;-0.0;0.0;;;;22.0;5.9;43.1;0.0;37.421998333333335;-122.08400000000002;
3436;;;;0.0012109604;0.0033493042;-0.0012467852;0.0;0.0;0.0;0.0;-0.0;0.0;;;;22.0;5.9;43.1;0.0;37.421998333333335;-122.08400000000002;
3448;;;;0.0012102891;0.0033502579;-0.0012462006;0.0;0.0;0.0;0.0;-0.0;0.0;;;;22.0;5.9;43.1;0.0;37.421998333333335;-122.08400000000002;
3459;;;;0.0012100881;0.0033493042;-0.0012450316;0.0;0.0;0.0;0.0;-0.0;0.0;;;;22.0;5.9;43.1;0.0;37.421998333333335;-122.08400000000002;
3470;;;;0.0012098142;0.0033493042;-0.0012456161;0.0;0.0;0.0;0.0;-0.0;0.0;;;;22.0;5.9;43.1;0.0;37.421998333333335;-122.08400000000002;
3483;;;;0.0012097138;0.0033493042;-0.0012462006;0.0;0.0;0.0;0.0;-0.0;0.0;;;;22.0;5.9;43.1;0.0;37.421998333333335;-122.08400000000002;
3494;;;;0.0012092936;0.0033493042;-0.0012450316;0.0;0.0;0.0;0.0;-0.0;0.0;;;;22.0;5.9;43.1;0.0;37.421998333333335;-122.08400000000002;
3504;;;;0.0012089009;0.0033493042;-0.0012444471;0.0;0.0;0.0;0.0;-0.0;0.0;;;;22.0;5.9;43.1;0.0;37.421998333333335;-122.08400000000002;
3515;;;;0.0012081428;0.0033493042;-0.0012438626;0.0;0.0;0.0;0.0;-0.0;0.0;;;;22.0;5.9;43.1;0.0;37.421998333333335;-122.08400000000002;
3529;;;;0.001208088;0.0033493042;-0.0012438626;0.0;0.0;0.0;0.0;-0.0;0.0;;;;22.0;5.9;43.1;0.0;37.421998333333335;-122.08400000000002;
3540;;;;0.0012073482;0.0033493042;-0.0012444471;0.0;0.0;0.0;0.0;-0.0;0.0;;;;22.0;5.9;43.1;0.0;37.421998333333335;-122.08400000000002;
3552;;;;0.0012062157;0.0033502579;-0.0012444471;0.0;0.0;0.0;0.0;-0.0;0.0;;;;22.0;5.9;43.1;0.0;37.421998333333335;-122.08400000000002;
3564;;;;0.001205211;0.0033502579;-0.0012444471;0.0;0.0;0.0;0.0;-0.0;0.0;;;;22.0;5.9;43.1;0.0;37.421998333333335;-122.08400000000002;
3577;;;;0.0012049006;0.0033493042;-0.0012444471;0.0;0.0;0.0;0.0;-0.0;0.0;;;;22.0;5.9;43.1;0.0;37.421998333333335;-122.08400000000002;
3588;;;;0.0012038411;0.0033502579;-0.0012456161;0.0;0.0;0.0;0.0;-0.0;0.0;;;;22.0;5.9;43.1;0.0;37.421998333333335;-122.08400000000002;
3600;;;;0.0012032931;0.0033502579;-0.0012450316;0.0;0.0;0.0;0.0;-0.0;0.0;;;;22.0;5.9;43.1;0.0;37.421998333333335;-122.08400000000002;
3614;;;;0.0012030922;0.0033493042;-0.0012426935;0.0;0.0;0.0;0.0;-0.0;0.0;;;;22.0;5.9;43.1;0.0;37.421998333333335;-122.08400000000002;
3626;;;;0.0012019231;0.0033493042;-0.001243278;0.0;0.0;0.0;0.0;-0.0;0.0;;;;22.0;5.9;43.1;0.0;37.421998333333335;-122.08400000000002;
3639;;;;0.0012016858;0.0033502579;-0.0012438626;0.0;0.0;0.0;0.0;-0.0;0.0;;;;22.0;5.9;43.1;0.0;37.421998333333335;-122.08400000000002;
3651;;;;0.0012008637;0.0033512115;-0.001243278;0.0;0.0;0.0;0.0;-0.0;0.0;;;;22.0;5.9;43.1;0.0;37.421998333333335;-122.08400000000002;
3662;;;;0.0012008637;0.0033493042;-0.001243278;0.0;0.0;0.0;0.0;-0.0;0.0;;;;22.0;5.9;43.1;0.0;37.421998333333335;-122.08400000000002;
3675;;;;0.0012000052;0.0033512115;-0.0012438626;0.0;0.0;0.0;0.0;-0.0;0.0;;;;22.0;5.9;43.1;0.0;37.421998333333335;-122.08400000000002;
3686;;;;0.0011993841;0.0033493042;-0.0012415245;0.0;0.0;0.0;0.0;-0.0;0.0;;;;22.0;5.9;43.1;0.0;37.421998333333335;-122.08400000000002;
3697;;;;0.0011987996;0.0033502579;-0.001242109;0.0;0.0;0.0;0.0;-0.0;0.0;;;;22.0;5.9;43.1;0.0;37.421998333333335;-122.08400000000002;
3707;;;;0.0011973383;0.0033502579;-0.0012403554;0.0;0.0;0.0;0.0;-0.0;0.0;;;;22.0;5.9;43.1;0.0;37.421998333333335;-122.08400000000002;
3718;;;;0.0011968816;0.0033493042;-0.0012391864;0.0;0.0;0.0;0.0;-0.0;0.0;;;;22.0;5.9;43.1;0.0;37.421998333333335;-122.08400000000002;
3729;;;;0.0011964798;0.0033502579;-0.0012397709;0.0;0.0;0.0;0.0;-0.0;0.0;;;;22.0;5.9;43.1;0.0;37.421998333333335;-122.08400000000002;
3739;;;;0.0011960414;0.0033493042;-0.0012391864;0.0;0.0;0.0;0.0;-0.0;0.0;;;;22.0;5.9;43.1;0.0;37.421998333333335;-122.08400000000002;
3751;;;;0.0011960414;0.0033493042;-0.0012374328;0.0;0.0;0.0;0.0;-0.0;0.0;;;;22.0;5.9;43.1;0.0;37.421998333333335;-122.08400000000002;
3762;;;;0.0011958587;0.0033502579;-0.0012386019;0.0;0.0;0.0;0.0;-0.0;0.0;;;;22.0;5.9;43.1;0.0;37.421998333333335;-122.08400000000002;
3773;;;;0.0011954204;0.0033493042;-0.0012386019;0.0;0.0;0.0;0.0;-0.0;0.0;;;;22.0;5.9;43.1;0.0;37.421998333333335;-122.08400000000002;
3785;;;;0.001194434;0.0033493042;-0.0012380173;0.0;0.0;0.0;0.0;-0.0;0.0;;;;22.0;5.9;43.1;0.0;37.421998333333335;-122.08400000000002;
3797;;;;0.0011938129;0.0033493042;-0.0012374328;0.0;0.0;0.0;0.0;-0.0;0.0;;;;22.0;5.9;43.1;0.0;37.421998333333335;-122.08400000000002;
3810;;;;0.0011928997;0.0033502579;-0.0012386019;0.0;0.0;0.0;0.0;-0.0;0.0;;;;22.0;5.9;43.1;0.0;37.421998333333335;-122.08400000000002;
3821;;;;0.00119279;0.0033493042;-0.0012374328;0.0;0.0;0.0;0.0;-0.0;0.0;;;;22.0;5.9;43.1;0.0;37.421998333333335;-122.08400000000002;
3832;;;;0.001192242;0.0033502579;-0.0012374328;0.0;0.0;0.0;0.0;-0.0;0.0;;;;22.0;5.9;43.1;0.0;37.421998333333335;-122.08400000000002;
3845;;;;0.0011917306;0.0033502579;-0.0012374328;0.0;0.0;0.0;0.0;-0.0;0.0;;;;22.0;5.9;43.1;0.0;37.421998333333335;-122.08400000000002;
3856;;;;0.0011918036;0.0033512115;-0.0012391864;0.0;0.0;0.0;0.0;-0.0;0.0;;;;22.0;5.9;43.1;0.0;37.421998333333335;-122.08400000000002;
3867;;;;0.0011911825;0.0033502579;-0.0012380173;0.0;0.0;0.0;0.0;-0.0;0.0;;;;22.0;5.9;43.1;0.0;37.421998333333335;-122.08400000000002;
3879;;;;0.0011909269;0.0033493042;-0.0012362638;0.0;0.0;0.0;0.0;-0.0;0.0;;;;22.0;5.9;43.1;0.0;37.421998333333335;-122.08400000000002;
3890;;;;0.0011909269;0.0033493042;-0.0012362638;0.0;0.0;0.0;0.0;-0.0;0.0;;;;22.0;5.9;43.1;0.0;37.421998333333335;-122.08400000000002;
3901;;;;0.0011906346;0.0033502579;-0.0012374328;0.0;0.0;0.0;0.0;-0.0;0.0;;;;22.0;5.9;43.1;0.0;37.421998333333335;-122.08400000000002;
3912;;;;0.0011904154;0.0033502579;-0.0012368483;0.0;0.0;0.0;0.0;-0.0;0.0;;;;22.0;5.9;43.1;0.0;37.421998333333335;-122.08400000000002;
3924;;;;0.0011900135;0.0033493042;-0.0012368483;0.0;0.0;0.0;0.0;-0.0;0.0;;;;22.0;5.9;43.1;0.0;37.421998333333335;-122.08400000000002;
3935;;;;0.0011891368;0.0033502579;-0.0012362638;0.0;0.0;0.0;0.0;-0.0;0.0;;;;22.0;5.9;43.1;0.0;37.421998333333335;-122.08400000000002;
3947;;;;0.0011881138;0.0033502579;-0.0012356793;0.0;0.0;0.0;0.0;-0.0;0.0;;;;22.0;5.9;43.1;0.0;37.421998333333335;-122.08400000000002;
3958;;;;0.0011884426;0.0033502579;-0.0012380173;0.0;0.0;0.0;0.0;-0.0;0.0;;;;22.0;5.9;43.1;0.0;37.421998333333335;-122.08400000000002;
3969;;;;0.0011877851;0.0033502579;-0.0012380173;0.0;0.0;0.0;0.0;-0.0;0.0;;;;22.0;5.9;43.1;0.0;37.421998333333335;-122.08400000000002;
3981;;;;0.0011862142;0.0033493042;-0.0012356793;0.0;0.0;0.0;0.0;-0.0;0.0;;;;22.0;5.9;43.1;0.0;37.421998333333335;-122.08400000000002;
3991;;;;0.0011853373;0.0033502579;-0.0012345102;0.0;0.0;0.0;0.0;-0.0;0.0;;;;22.0;5.9;43.1;0.0;37.421998333333335;-122.08400000000002;
4002;;;;0.0011844606;0.0033502579;-0.0012339257;0.0;0.0;0.0;0.0;-0.0;0.0;;;;22.0;5.9;43.1;0.0;37.421998333333335;-122.08400000000002;
4013;;;;0.0011839126;0.0033493042;-0.0012333412;0.0;0.0;0.0;0.0;-0.0;0.0;;;;22.0;5.9;43.1;0.0;37.421998333333335;-122.08400000000002;
4026;;;;0.0011833645;0.0033502579;-0.0012321721;0.0;0.0;0.0;0.0;-0.0;0.0;;;;22.0;5.9;43.1;0.0;37.421998333333335;-122.08400000000002;
4037;;;;0.0011824878;0.0033502579;-0.0012315876;0.0;0.0;0.0;0.0;-0.0;0.0;;;;22.0;5.9;43.1;0.0;37.421998333333335;-122.08400000000002;
4049;;;;0.0011812822;0.0033493042;-0.001229834;0.0;0.0;0.0;0.0;-0.0;0.0;;;;22.0;5.9;43.1;0.0;37.421998333333335;-122.08400000000002;
4062;;;;0.0011802593;0.0033493042;-0.0012304186;0.0;0.0;0.0;0.0;-0.0;0.0;;;;22.0;5.9;43.1;0.0;37.421998333333335;-122.08400000000002;
4073;;;;0.0011794555;0.0033493042;-0.0012292495;0.0;0.0;0.0;0.0;-0.0;0.0;;;;22.0;5.9;43.1;0.0;37.421998333333335;-122.08400000000002;
4084;;;;0.0011795287;0.0033493042;-0.001229834;0.0;0.0;0.0;0.0;-0.0;0.0;;;;22.0;5.9;43.1;0.0;37.421998333333335;-122.08400000000002;
4095;;;;0.0011787615;0.0033502579;-0.001229834;0.0;0.0;0.0;0.0;-0.0;0.0;;;;22.0;5.9;43.1;0.0;37.421998333333335;-122.08400000000002;
4106;;;;0.0011779943;0.0033502579;-0.001229834;0.0;0.0;0.0;0.0;-0.0;0.0;;;;22.0;5.9;43.1;0.0;37.421998333333335;-122.08400000000002;
4118;;;;0.0011771175;0.0033493042;-0.0012280805;0.0;0.0;0.0;0.0;-0.0;0.0;;;;22.0;5.9;43.1;0.0;37.421998333333335;-122.08400000000002;
4130;;;;0.0011759484;0.0033502579;-0.001228665;0.0;0.0;0.0;0.0;-0.0;0.0;;;;22.0;5.9;43.1;0.0;37.421998333333335;-122.08400000000002;
4141;;;;0.0011761676;0.0033502579;-0.001228665;0.0;0.0;0.0;0.0;-0.0;0.0;;;;22.0;5.9;43.1;0.0;37.421998333333335;-122.08400000000002;
4153;;;;0.001175912;0.0033512115;-0.0012292495;0.0;0.0;0.0;0.0;-0.0;0.0;;;;22.0;5.9;43.1;0.0;37.421998333333335;-122.08400000000002;
4164;;;;0.0011754005;0.0033493042;-0.001228665;0.0;0.0;0.0;0.0;-0.0;0.0;;;;22.0;5.9;43.1;0.0;37.421998333333335;-122.08400000000002;
4175;;;;0.0011748159;0.0033502579;-0.0012280805;0.0;0.0;0.0;0.0;-0.0;0.0;;;;22.0;5.9;43.1;0.0;37.421998333333335;-122.08400000000002;
4185;;;;0.0011744506;0.0033502579;-0.001228665;0.0;0.0;0.0;0.0;-0.0;0.0;;;;22.0;5.9;43.1;0.0;37.421998333333335;-122.08400000000002;
4196;;;;0.0011732816;0.0033502579;-0.0012269114;0.0;0.0;0.0;0.0;-0.0;0.0;;;;22.0;5.9;43.1;0.0;37.421998333333335;-122.08400000000002;
4206;;;;0.0011733547;0.0033512115;-0.0012263269;0.0;0.0;0.0;0.0;-0.0;0.0;;;;22.0;5.9;43.1;0.0;37.421998333333335;-122.08400000000002;
4217;;;;0.001173793;0.0033493042;-0.0012251579;0.0;0.0;0.0;0.0;-0.0;0.0;;;;22.0;5.9;43.1;0.0;37.421998333333335;-122.08400000000002;
4228;;;;0.001172697;0.0033502579;-0.0012251579;0.0;0.0;0.0;0.0;-0.0;0.0;;;;22.0;5.9;43.1;0.0;37.421998333333335;-122.08400000000002;
4240;;;;0.001172624;0.0033502579;-0.0012257424;0.0;0.0;0.0;0.0;-0.0;0.0;;;;22.0;5.9;43.1;0.0;37.421998333333335;-122.08400000000002;
4253;;;;0.0011718203;0.0033493042;-0.0012245734;0.0;0.0;0.0;0.0;-0.0;0.0;;;;22.0;5.9;43.1;0.0;37.421998333333335;-122.08400000000002;
4345;;;;0.0011710166;0.0033502579;-0.0012239888;0.0;0.0;0.0;0.0;-0.0;0.0;;;;22.0;5.9;43.1;0.0;37.421998333333335;-122.08400000000002;
4399;;;;0.0011627602;0.0033502579;-0.0012181436;0.0;0.0;0.0;0.0;-0.0;0.0;;;;22.0;5.9;43.1;0.0;37.421998333333335;-122.08400000000002;
4441;;;;0.0011602029;0.0033502579;-0.0012169746;0.0;0.0;0.0;0.0;-0.0;0.0;;;;22.0;5.9;43.1;0.0;37.421998333333335;-122.08400000000002;
4534;;;;0.0011536271;0.0033502579;-0.0012122984;0.0;0.0;0.0;0.0;-0.0;0.0;;;;22.0;5.9;43.1;0.0;37.421998333333335;-122.08400000000002;
4562;;;;0.0011522388;0.0033502579;-0.0012122984;0.0;0.0;0.0;0.0;-0.0;0.0;;;;22.0;5.9;43.1;0.0;37.421998333333335;-122.08400000000002;
4599;;;;0.0011495354;0.0033502579;-0.0012111294;0.0;0.0;0.0;0.0;-0.0;0.0;;;;22.0;5.9;43.1;0.0;37.421998333333335;-122.08400000000002;
4633;;;;0.0011484394;0.0033493042;-0.0012087913;0.0;0.0;0.0;0.0;-0.0;0.0;;;;22.0;5.9;43.1;0.0;37.421998333333335;-122.08400000000002;
4719;;;;0.0011514351;0.0033493042;-0.0012117139;0.0;0.0;0.0;0.0;-0.0;0.0;;;;22.0;5.9;43.1;0.0;37.421998333333335;-122.08400000000002;
4758;;;;0.001142448;0.0033493042;-0.0012041151;0.0;0.0;0.0;0.0;-0.0;0.0;;;;22.0;5.9;43.1;0.0;37.421998333333335;-122.08400000000002;
4795;;;;0.0011400369;0.0033493042;-0.0012023615;0.0;0.0;0.0;0.0;-0.0;0.0;;;;22.0;5.9;43.1;0.0;37.421998333333335;-122.08400000000002;
4828;;;;0.0011377719;0.0033502579;-0.001201777;0.0;0.0;0.0;0.0;-0.0;0.0;;;;22.0;5.9;43.1;0.0;37.421998333333335;-122.08400000000002;
4862;;;;0.0011350685;0.0033502579;-0.0012000235;0.0;0.0;0.0;0.0;-0.0;0.0;;;;22.0;5.9;43.1;0.0;37.421998333333335;-122.08400000000002;
4895;;;;0.0011339724;0.0033502579;-0.0012000235;0.0;0.0;0.0;0.0;-0.0;0.0;;;;22.0;5.9;43.1;0.0;37.421998333333335;-122.08400000000002;
4906;;;;0.0011325112;0.0033502579;-0.0011982699;0.0;0.0;0.0;0.0;-0.0;0.0;;;;22.0;5.9;43.1;0.0;37.421998333333335;-122.08400000000002;
4918;;;;0.0011321459;0.0033493042;-0.0011965163;0.0;0.0;0.0;0.0;-0.0;0.0;;;;22.0;5.9;43.1;0.0;37.421998333333335;-122.08400000000002;
4929;;;;0.0011319267;0.0033493042;-0.0011965163;0.0;0.0;0.0;0.0;-0.0;0.0;;;;22.0;5.9;43.1;0.0;37.421998333333335;-122.08400000000002;
4940;;;;0.0011306845;0.0033493042;-0.0011953473;0.0;0.0;0.0;0.0;-0.0;0.0;;;;22.0;5.9;43.1;0.0;37.421998333333335;-122.08400000000002;
4951;;;;0.0011305384;0.0033493042;-0.0011953473;0.0;0.0;0.0;0.0;-0.0;0.0;;;;22.0;5.9;43.1;0.0;37.421998333333335;-122.08400000000002;
4962;;;;0.0011301;0.0033502579;-0.0011947628;0.0;0.0;0.0;0.0;-0.0;0.0;;;;22.0;5.9;43.1;0.0;37.421998333333335;-122.08400000000002;
4973;;;;0.0011292963;0.0033502579;-0.0011947628;0.0;0.0;0.0;0.0;-0.0;0.0;;;;22.0;5.9;43.1;0.0;37.421998333333335;-122.08400000000002;
4984;;;;0.0011291502;0.0033493042;-0.0011941782;0.0;0.0;0.0;0.0;-0.0;0.0;;;;22.0;5.9;43.1;0.0;37.421998333333335;-122.08400000000002;
4995;;;;0.0011283464;0.0033502579;-0.0011941782;0.0;0.0;0.0;0.0;-0.0;0.0;;;;22.0;5.9;43.1;0.0;37.421998333333335;-122.08400000000002;
5005;;;;0.0011281272;0.0033493042;-0.0011930092;0.0;0.0;0.0;0.0;-0.0;0.0;;;;22.0;5.9;43.1;0.0;37.421998333333335;-122.08400000000002;
5015;;;;0.0011264468;0.0033493042;-0.0011930092;0.0;0.0;0.0;0.0;-0.0;0.0;;;;22.0;5.9;43.1;0.0;37.421998333333335;-122.08400000000002;
5027;;;;0.001126666;0.0033512115;-0.0011947628;0.0;0.0;0.0;0.0;-0.0;0.0;;;;22.0;5.9;43.1;0.0;37.421998333333335;-122.08400000000002;
5038;;;;0.0011264468;0.0033493042;-0.0011935937;0.0;0.0;0.0;0.0;-0.0;0.0;;;;22.0;5.9;43.1;0.0;37.421998333333335;-122.08400000000002;
5050;;;;0.0011259353;0.0033493042;-0.0011935937;0.0;0.0;0.0;0.0;-0.0;0.0;;;;22.0;5.9;43.1;0.0;37.421998333333335;-122.08400000000002;
5062;;;;0.0011257161;0.0033493042;-0.0011930092;0.0;0.0;0.0;0.0;-0.0;0.0;;;;22.0;5.9;43.1;0.0;37.421998333333335;-122.08400000000002;
5072;;;;0.0011242548;0.0033493042;-0.0011924247;0.0;0.0;0.0;0.0;-0.0;0.0;;;;22.0;5.9;43.1;0.0;37.421998333333335;-122.08400000000002;
5085;;;;0.0011238165;0.0033512115;-0.0011930092;0.0;0.0;0.0;0.0;-0.0;0.0;;;;22.0;5.9;43.1;0.0;37.421998333333335;-122.08400000000002;
5097;;;;0.0011227204;0.0033502579;-0.0011924247;0.0;0.0;0.0;0.0;-0.0;0.0;;;;22.0;5.9;43.1;0.0;37.421998333333335;-122.08400000000002;
5108;;;;0.0011219898;0.0033493042;-0.0011906711;0.0;0.0;0.0;0.0;-0.0;0.0;;;;22.0;5.9;43.1;0.0;37.421998333333335;-122.08400000000002;
5119;;;;0.00112104;0.0033502579;-0.0011906711;0.0;0.0;0.0;0.0;-0.0;0.0;;;;22.0;5.9;43.1;0.0;37.421998333333335;-122.08400000000002;
5130;;;;0.0011203092;0.0033493042;-0.0011895021;0.0;0.0;0.0;0.0;-0.0;0.0;;;;22.0;5.9;43.1;0.0;37.421998333333335;-122.08400000000002;
5142;;;;0.0011208208;0.0033502579;-0.0011912556;0.0;0.0;0.0;0.0;-0.0;0.0;;;;22.0;5.9;43.1;0.0;37.421998333333335;-122.08400000000002;
5153;;;;0.0011189941;0.0033502579;-0.0011900866;0.0;0.0;0.0;0.0;-0.0;0.0;;;;22.0;5.9;43.1;0.0;37.421998333333335;-122.08400000000002;
5165;;;;0.0011186288;0.0033493042;-0.001188333;0.0;0.0;0.0;0.0;-0.0;0.0;;;;22.0;5.9;43.1;0.0;37.421998333333335;-122.08400000000002;
5176;;;;0.0011184096;0.0033502579;-0.001188333;0.0;0.0;0.0;0.0;-0.0;0.0;;;;22.0;5.9;43.1;0.0;37.421998333333335;-122.08400000000002;
5187;;;;0.001117752;0.0033493042;-0.001187164;0.0;0.0;0.0;0.0;-0.0;0.0;;;;22.0;5.9;43.1;0.0;37.421998333333335;-122.08400000000002;
5199;;;;0.0011167291;0.0033493042;-0.001187164;0.0;0.0;0.0;0.0;-0.0;0.0;;;;22.0;5.9;43.1;0.0;37.421998333333335;-122.08400000000002;
5209;;;;0.001116583;0.0033493042;-0.0011865795;0.0;0.0;0.0;0.0;-0.0;0.0;;;;22.0;5.9;43.1;0.0;37.421998333333335;-122.08400000000002;
5221;;;;0.0011161446;0.0033493042;-0.001185995;0.0;0.0;0.0;0.0;-0.0;0.0;;;;22.0;5.9;43.1;0.0;37.421998333333335;-122.08400000000002;
5232;;;;0.0011155601;0.0033493042;-0.001185995;0.0;0.0;0.0;0.0;-0.0;0.0;;;;22.0;5.9;43.1;0.0;37.421998333333335;-122.08400000000002;
5244;;;;0.0011147563;0.0033502579;-0.001185995;0.0;0.0;0.0;0.0;-0.0;0.0;;;;22.0;5.9;43.1;0.0;37.421998333333335;-122.08400000000002;
5256;;;;0.0011143179;0.0033493042;-0.0011842414;0.0;0.0;0.0;0.0;-0.0;0.0;;;;22.0;5.9;43.1;0.0;37.421998333333335;-122.08400000000002;
5268;;;;0.0011129297;0.0033502579;-0.0011836569;0.0;0.0;0.0;0.0;-0.0;0.0;;;;22.0;5.9;43.1;0.0;37.421998333333335;-122.08400000000002;
5280;;;;0.0011130028;0.0033502579;-0.0011842414;0.0;0.0;0.0;0.0;-0.0;0.0;;;;22.0;5.9;43.1;0.0;37.421998333333335;-122.08400000000002;
5291;;;;0.0011129297;0.0033493042;-0.0011824878;0.0;0.0;0.0;0.0;-0.0;0.0;;;;22.0;5.9;43.1;0.0;37.421998333333335;-122.08400000000002;
5301;;;;0.0011116145;0.0033493042;-0.0011813188;0.0;0.0;0.0;0.0;-0.0;0.0;;;;22.0;5.9;43.1;0.0;37.421998333333335;-122.08400000000002;
5313;;;;0.0011116145;0.0033502579;-0.0011813188;0.0;0.0;0.0;0.0;-0.0;0.0;;;;22.0;5.9;43.1;0.0;37.421998333333335;-122.08400000000002;
5325;;;;0.00111103;0.0033493042;-0.0011807343;0.0;0.0;0.0;0.0;-0.0;0.0;;;;22.0;5.9;43.1;0.0;37.421998333333335;-122.08400000000002;
5336;;;;0.0011102994;0.0033493042;-0.0011801497;0.0;0.0;0.0;0.0;-0.0;0.0;;;;22.0;5.9;43.1;0.0;37.421998333333335;-122.08400000000002;
5347;;;;0.0011091303;0.0033493042;-0.0011789807;0.0;0.0;0.0;0.0;-0.0;0.0;;;;22.0;5.9;43.1;0.0;37.421998333333335;-122.08400000000002;
5359;;;;0.0011094225;0.0033493042;-0.0011789807;0.0;0.0;0.0;0.0;-0.0;0.0;;;;22.0;5.9;43.1;0.0;37.421998333333335;-122.08400000000002;
5370;;;;0.0011085458;0.0033502579;-0.0011789807;0.0;0.0;0.0;0.0;-0.0;0.0;;;;22.0;5.9;43.1;0.0;37.421998333333335;-122.08400000000002;
5383;;;;0.0011079613;0.0033493042;-0.0011778116;0.0;0.0;0.0;0.0;-0.0;0.0;;;;22.0;5.9;43.1;0.0;37.421998333333335;-122.08400000000002;
5395;;;;0.0011069383;0.0033493042;-0.0011772271;0.0;0.0;0.0;0.0;-0.0;0.0;;;;22.0;5.9;43.1;0.0;37.421998333333335;-122.08400000000002;
5425;;;;0.0011051848;0.0033502579;-0.0011743045;0.0;0.0;0.0;0.0;-0.0;0.0;;;;22.0;5.9;43.1;0.0;37.421998333333335;-122.08400000000002;
5481;;;;0.0011037234;0.0033493042;-0.0011713819;0.0;0.0;0.0;0.0;-0.0;0.0;;;;22.0;5.9;43.1;0.0;37.421998333333335;-122.08400000000002;


Lista de sensores:

Nombre: Goldfish 3-axis Accelerometer
Resolucin: 2.480159E-4
Vendor: The Android Open Source Project
Tipo: 1


Nombre: Goldfish 3-axis Gyroscope
Resolucin: 0.001
Vendor: The Android Open Source Project
Tipo: 4


Nombre: Goldfish 3-axis Magnetic field sensor
Resolucin: 1.0
Vendor: The Android Open Source Project
Tipo: 2


Nombre: Goldfish Orientation sensor
Resolucin: 1.0
Vendor: The Android Open Source Project
Tipo: 3


Nombre: Goldfish Temperature sensor
Resolucin: 1.0
Vendor: The Android Open Source Project
Tipo: 13


Nombre: Goldfish Proximity sensor
Resolucin: 1.0
Vendor: The Android Open Source Project
Tipo: 8


Nombre: Goldfish Light sensor
Resolucin: 1.0
Vendor: The Android Open Source Project
Tipo: 5


Nombre: Goldfish Pressure sensor
Resolucin: 1.0
Vendor: The Android Open Source Project
Tipo: 6


Nombre: Goldfish Humidity sensor
Resolucin: 1.0
Vendor: The Android Open Source Project
Tipo: 12


Nombre: Goldfish 3-axis Magnetic field sensor (uncalibrated)
Resolucin: 1.0
Vendor: The Android Open Source Project
Tipo: 14


Nombre: Game Rotation Vector Sensor
Resolucin: 5.9604645E-8
Vendor: AOSP
Tipo: 15


Nombre: GeoMag Rotation Vector Sensor
Resolucin: 5.9604645E-8
Vendor: AOSP
Tipo: 20


Nombre: Gravity Sensor
Resolucin: 2.480159E-4
Vendor: AOSP
Tipo: 9


Nombre: Linear Acceleration Sensor
Resolucin: 2.480159E-4
Vendor: AOSP
Tipo: 10


Nombre: Rotation Vector Sensor
Resolucin: 5.9604645E-8
Vendor: AOSP
Tipo: 11


Nombre: Orientation Sensor
Resolucin: 0.00390625
Vendor: AOSP
Tipo: 3


FocusModes: 

fixed



Nmero de satelites 
1

Nmero de satelites usados en la ltima geolocalizacin
0

