3;;;;5.4302084E-4;0.0033493042;-5.3483754E-4;0.0;0.0;0.0;0.0;-0.0;0.0;;;;22.0;5.9;43.1;0.0;37.421998333333335;-122.08400000000002;
13;;;;5.456512E-4;0.0033493042;-5.365911E-4;0.0;0.0;0.0;0.0;-0.0;0.0;;;;22.0;5.9;43.1;0.0;37.421998333333335;-122.08400000000002;
58;;;;5.596797E-4;0.0033483505;-5.4828153E-4;0.0;0.0;0.0;0.0;-0.0;0.0;;;;22.0;5.9;43.1;0.0;37.421998333333335;-122.08400000000002;
68;;;;5.634791E-4;0.0033502579;-5.529577E-4;0.0;0.0;0.0;0.0;-0.0;0.0;;;;22.0;5.9;43.1;0.0;37.421998333333335;-122.08400000000002;
79;;;;5.6523265E-4;0.0033493042;-5.5412675E-4;0.0;0.0;0.0;0.0;-0.0;0.0;;;;22.0;5.9;43.1;0.0;37.421998333333335;-122.08400000000002;
89;;;;5.67863E-4;0.0033502579;-5.576339E-4;0.0;0.0;0.0;0.0;-0.0;0.0;;;;22.0;5.9;43.1;0.0;37.421998333333335;-122.08400000000002;
99;;;;5.748773E-4;0.0033502579;-5.640636E-4;0.0;0.0;0.0;0.0;-0.0;0.0;;;;22.0;5.9;43.1;0.0;37.421998333333335;-122.08400000000002;
111;;;;5.7750766E-4;0.0033493042;-5.634791E-4;0.0;0.0;0.0;0.0;-0.0;0.0;;;;22.0;5.9;43.1;0.0;37.421998333333335;-122.08400000000002;
121;;;;5.80138E-4;0.0033502579;-5.664017E-4;0.0;0.0;0.0;0.0;-0.0;0.0;;;;22.0;5.9;43.1;0.0;37.421998333333335;-122.08400000000002;
133;;;;5.8335287E-4;0.0033502579;-5.6873984E-4;0.0;0.0;0.0;0.0;-0.0;0.0;;;;22.0;5.9;43.1;0.0;37.421998333333335;-122.08400000000002;
144;;;;5.8569096E-4;0.0033483505;-5.6932436E-4;0.0;0.0;0.0;0.0;-0.0;0.0;;;;22.0;5.9;43.1;0.0;37.421998333333335;-122.08400000000002;
155;;;;5.889058E-4;0.0033493042;-5.7166244E-4;0.0;0.0;0.0;0.0;-0.0;0.0;;;;22.0;5.9;43.1;0.0;37.421998333333335;-122.08400000000002;
166;;;;5.950433E-4;0.0033512115;-5.780922E-4;0.0;0.0;0.0;0.0;-0.0;0.0;;;;22.0;5.9;43.1;0.0;37.421998333333335;-122.08400000000002;
177;;;;5.9767364E-4;0.0033502579;-5.8043026E-4;0.0;0.0;0.0;0.0;-0.0;0.0;;;;22.0;5.9;43.1;0.0;37.421998333333335;-122.08400000000002;
188;;;;6.008885E-4;0.0033483505;-5.7984574E-4;0.0;0.0;0.0;0.0;-0.0;0.0;;;;22.0;5.9;43.1;0.0;37.421998333333335;-122.08400000000002;
199;;;;6.038111E-4;0.0033483505;-5.8276835E-4;0.0;0.0;0.0;0.0;-0.0;0.0;;;;22.0;5.9;43.1;0.0;37.421998333333335;-122.08400000000002;
210;;;;6.0790277E-4;0.0033493042;-5.8686E-4;0.0;0.0;0.0;0.0;-0.0;0.0;;;;22.0;5.9;43.1;0.0;37.421998333333335;-122.08400000000002;
220;;;;6.1257894E-4;0.0033493042;-5.9153617E-4;0.0;0.0;0.0;0.0;-0.0;0.0;;;;22.0;5.9;43.1;0.0;37.421998333333335;-122.08400000000002;
232;;;;6.1550154E-4;0.0033502579;-5.956278E-4;0.0;0.0;0.0;0.0;-0.0;0.0;;;;22.0;5.9;43.1;0.0;37.421998333333335;-122.08400000000002;
242;;;;6.178396E-4;0.0033512115;-5.979659E-4;0.0;0.0;0.0;0.0;-0.0;0.0;;;;22.0;5.9;43.1;0.0;37.421998333333335;-122.08400000000002;
254;;;;6.2047E-4;0.0033483505;-5.985504E-4;0.0;0.0;0.0;0.0;-0.0;0.0;;;;22.0;5.9;43.1;0.0;37.421998333333335;-122.08400000000002;
265;;;;6.263152E-4;0.0033502579;-6.0439564E-4;0.0;0.0;0.0;0.0;-0.0;0.0;;;;22.0;5.9;43.1;0.0;37.421998333333335;-122.08400000000002;
275;;;;6.304069E-4;0.0033483505;-6.067337E-4;0.0;0.0;0.0;0.0;-0.0;0.0;;;;22.0;5.9;43.1;0.0;37.421998333333335;-122.08400000000002;
286;;;;6.32745E-4;0.0033493042;-6.090718E-4;0.0;0.0;0.0;0.0;-0.0;0.0;;;;22.0;5.9;43.1;0.0;37.421998333333335;-122.08400000000002;
299;;;;6.3654437E-4;0.0033502579;-6.13748E-4;0.0;0.0;0.0;0.0;-0.0;0.0;;;;22.0;5.9;43.1;0.0;37.421998333333335;-122.08400000000002;
311;;;;6.4326636E-4;0.0033502579;-6.195932E-4;0.0;0.0;0.0;0.0;-0.0;0.0;;;;22.0;5.9;43.1;0.0;37.421998333333335;-122.08400000000002;
322;;;;6.458967E-4;0.0033502579;-6.219313E-4;0.0;0.0;0.0;0.0;-0.0;0.0;;;;22.0;5.9;43.1;0.0;37.421998333333335;-122.08400000000002;
333;;;;6.488193E-4;0.0033502579;-6.2368484E-4;0.0;0.0;0.0;0.0;-0.0;0.0;;;;22.0;5.9;43.1;0.0;37.421998333333335;-122.08400000000002;
344;;;;6.5291097E-4;0.0033493042;-6.2660745E-4;0.0;0.0;0.0;0.0;-0.0;0.0;;;;22.0;5.9;43.1;0.0;37.421998333333335;-122.08400000000002;
356;;;;6.587562E-4;0.0033502579;-6.318682E-4;0.0;0.0;0.0;0.0;-0.0;0.0;;;;22.0;5.9;43.1;0.0;37.421998333333335;-122.08400000000002;
367;;;;6.6255557E-4;0.0033502579;-6.353753E-4;0.0;0.0;0.0;0.0;-0.0;0.0;;;;22.0;5.9;43.1;0.0;37.421998333333335;-122.08400000000002;
380;;;;6.6723174E-4;0.0033512115;-6.400515E-4;0.0;0.0;0.0;0.0;-0.0;0.0;;;;22.0;5.9;43.1;0.0;37.421998333333335;-122.08400000000002;
393;;;;6.695698E-4;0.0033502579;-6.400515E-4;0.0;0.0;0.0;0.0;-0.0;0.0;;;;22.0;5.9;43.1;0.0;37.421998333333335;-122.08400000000002;
403;;;;6.751228E-4;0.0033502579;-6.453122E-4;0.0;0.0;0.0;0.0;-0.0;0.0;;;;22.0;5.9;43.1;0.0;37.421998333333335;-122.08400000000002;
413;;;;6.7892217E-4;0.0033502579;-6.488193E-4;0.0;0.0;0.0;0.0;-0.0;0.0;;;;22.0;5.9;43.1;0.0;37.421998333333335;-122.08400000000002;
423;;;;6.8272155E-4;0.0033493042;-6.517419E-4;0.0;0.0;0.0;0.0;-0.0;0.0;;;;22.0;5.9;43.1;0.0;37.421998333333335;-122.08400000000002;
435;;;;6.859364E-4;0.0033512115;-6.564181E-4;0.0;0.0;0.0;0.0;-0.0;0.0;;;;22.0;5.9;43.1;0.0;37.421998333333335;-122.08400000000002;
445;;;;6.911972E-4;0.0033502579;-6.6050974E-4;0.0;0.0;0.0;0.0;-0.0;0.0;;;;22.0;5.9;43.1;0.0;37.421998333333335;-122.08400000000002;
456;;;;6.941198E-4;0.0033502579;-6.616788E-4;0.0;0.0;0.0;0.0;-0.0;0.0;;;;22.0;5.9;43.1;0.0;37.421998333333335;-122.08400000000002;
467;;;;6.9645786E-4;0.0033502579;-6.640169E-4;0.0;0.0;0.0;0.0;-0.0;0.0;;;;22.0;5.9;43.1;0.0;37.421998333333335;-122.08400000000002;
478;;;;6.985037E-4;0.0033493042;-6.6635496E-4;0.0;0.0;0.0;0.0;-0.0;0.0;;;;22.0;5.9;43.1;0.0;37.421998333333335;-122.08400000000002;
488;;;;7.0171856E-4;0.0033512115;-6.704466E-4;0.0;0.0;0.0;0.0;-0.0;0.0;;;;22.0;5.9;43.1;0.0;37.421998333333335;-122.08400000000002;
500;;;;7.037644E-4;0.0033502579;-6.727847E-4;0.0;0.0;0.0;0.0;-0.0;0.0;;;;22.0;5.9;43.1;0.0;37.421998333333335;-122.08400000000002;
511;;;;7.049334E-4;0.0033502579;-6.733692E-4;0.0;0.0;0.0;0.0;-0.0;0.0;;;;22.0;5.9;43.1;0.0;37.421998333333335;-122.08400000000002;
522;;;;7.0697925E-4;0.0033493042;-6.757073E-4;0.0;0.0;0.0;0.0;-0.0;0.0;;;;22.0;5.9;43.1;0.0;37.421998333333335;-122.08400000000002;
533;;;;7.0844055E-4;0.0033493042;-6.7746086E-4;0.0;0.0;0.0;0.0;-0.0;0.0;;;;22.0;5.9;43.1;0.0;37.421998333333335;-122.08400000000002;
544;;;;7.0990185E-4;0.0033493042;-6.792144E-4;0.0;0.0;0.0;0.0;-0.0;0.0;;;;22.0;5.9;43.1;0.0;37.421998333333335;-122.08400000000002;
555;;;;7.139935E-4;0.0033493042;-6.8213703E-4;0.0;0.0;0.0;0.0;-0.0;0.0;;;;22.0;5.9;43.1;0.0;37.421998333333335;-122.08400000000002;
566;;;;7.160393E-4;0.0033493042;-6.8505964E-4;0.0;0.0;0.0;0.0;-0.0;0.0;;;;22.0;5.9;43.1;0.0;37.421998333333335;-122.08400000000002;
576;;;;7.172084E-4;0.0033483505;-6.8564416E-4;0.0;0.0;0.0;0.0;-0.0;0.0;;;;22.0;5.9;43.1;0.0;37.421998333333335;-122.08400000000002;
587;;;;7.1896194E-4;0.0033502579;-6.8973587E-4;0.0;0.0;0.0;0.0;-0.0;0.0;;;;22.0;5.9;43.1;0.0;37.421998333333335;-122.08400000000002;
599;;;;7.198387E-4;0.0033502579;-6.8973587E-4;0.0;0.0;0.0;0.0;-0.0;0.0;;;;22.0;5.9;43.1;0.0;37.421998333333335;-122.08400000000002;
610;;;;7.242226E-4;0.0033502579;-6.9499656E-4;0.0;0.0;0.0;0.0;-0.0;0.0;;;;22.0;5.9;43.1;0.0;37.421998333333335;-122.08400000000002;
620;;;;7.2568393E-4;0.0033502579;-6.967501E-4;0.0;0.0;0.0;0.0;-0.0;0.0;;;;22.0;5.9;43.1;0.0;37.421998333333335;-122.08400000000002;
630;;;;7.28022E-4;0.0033493042;-6.9733465E-4;0.0;0.0;0.0;0.0;-0.0;0.0;;;;22.0;5.9;43.1;0.0;37.421998333333335;-122.08400000000002;
642;;;;7.3006784E-4;0.0033502579;-6.9967273E-4;0.0;0.0;0.0;0.0;-0.0;0.0;;;;22.0;5.9;43.1;0.0;37.421998333333335;-122.08400000000002;
652;;;;7.3152914E-4;0.0033483505;-6.990882E-4;0.0;0.0;0.0;0.0;-0.0;0.0;;;;22.0;5.9;43.1;0.0;37.421998333333335;-122.08400000000002;
664;;;;7.3299045E-4;0.0033502579;-7.020108E-4;0.0;0.0;0.0;0.0;-0.0;0.0;;;;22.0;5.9;43.1;0.0;37.421998333333335;-122.08400000000002;
673;;;;7.370821E-4;0.0033502579;-7.0610247E-4;0.0;0.0;0.0;0.0;-0.0;0.0;;;;22.0;5.9;43.1;0.0;37.421998333333335;-122.08400000000002;
685;;;;7.391279E-4;0.0033493042;-7.0844055E-4;0.0;0.0;0.0;0.0;-0.0;0.0;;;;22.0;5.9;43.1;0.0;37.421998333333335;-122.08400000000002;
696;;;;7.405892E-4;0.0033493042;-7.090251E-4;0.0;0.0;0.0;0.0;-0.0;0.0;;;;22.0;5.9;43.1;0.0;37.421998333333335;-122.08400000000002;
709;;;;7.420505E-4;0.0033512115;-7.119477E-4;0.0;0.0;0.0;0.0;-0.0;0.0;;;;22.0;5.9;43.1;0.0;37.421998333333335;-122.08400000000002;
722;;;;7.458499E-4;0.0033502579;-7.148703E-4;0.0;0.0;0.0;0.0;-0.0;0.0;;;;22.0;5.9;43.1;0.0;37.421998333333335;-122.08400000000002;
733;;;;7.484803E-4;0.0033483505;-7.1662385E-4;0.0;0.0;0.0;0.0;-0.0;0.0;;;;22.0;5.9;43.1;0.0;37.421998333333335;-122.08400000000002;
745;;;;7.499416E-4;0.0033502579;-7.1896194E-4;0.0;0.0;0.0;0.0;-0.0;0.0;;;;22.0;5.9;43.1;0.0;37.421998333333335;-122.08400000000002;
757;;;;7.5344875E-4;0.0033502579;-7.2188454E-4;0.0;0.0;0.0;0.0;-0.0;0.0;;;;22.0;5.9;43.1;0.0;37.421998333333335;-122.08400000000002;
768;;;;7.5491006E-4;0.0033512115;-7.2480715E-4;0.0;0.0;0.0;0.0;-0.0;0.0;;;;22.0;5.9;43.1;0.0;37.421998333333335;-122.08400000000002;
778;;;;7.5724814E-4;0.0033502579;-7.265607E-4;0.0;0.0;0.0;0.0;-0.0;0.0;;;;22.0;5.9;43.1;0.0;37.421998333333335;-122.08400000000002;
788;;;;7.598785E-4;0.0033483505;-7.283143E-4;0.0;0.0;0.0;0.0;-0.0;0.0;;;;22.0;5.9;43.1;0.0;37.421998333333335;-122.08400000000002;
798;;;;7.619243E-4;0.0033483505;-7.294833E-4;0.0;0.0;0.0;0.0;-0.0;0.0;;;;22.0;5.9;43.1;0.0;37.421998333333335;-122.08400000000002;
810;;;;7.648469E-4;0.0033502579;-7.3357497E-4;0.0;0.0;0.0;0.0;-0.0;0.0;;;;22.0;5.9;43.1;0.0;37.421998333333335;-122.08400000000002;
820;;;;7.6747726E-4;0.0033502579;-7.3532853E-4;0.0;0.0;0.0;0.0;-0.0;0.0;;;;22.0;5.9;43.1;0.0;37.421998333333335;-122.08400000000002;
831;;;;7.692308E-4;0.0033493042;-7.364976E-4;0.0;0.0;0.0;0.0;-0.0;0.0;;;;22.0;5.9;43.1;0.0;37.421998333333335;-122.08400000000002;
842;;;;7.692308E-4;0.0033493042;-7.364976E-4;0.0;0.0;0.0;0.0;-0.0;0.0;;;;22.0;5.9;43.1;0.0;37.421998333333335;-122.08400000000002;
894;;;;7.864742E-4;0.0033502579;-7.5111067E-4;0.0;0.0;0.0;0.0;-0.0;0.0;;;;22.0;5.9;43.1;0.0;37.421998333333335;-122.08400000000002;
906;;;;7.8852003E-4;0.0033502579;-7.5286423E-4;0.0;0.0;0.0;0.0;-0.0;0.0;;;;22.0;5.9;43.1;0.0;37.421998333333335;-122.08400000000002;
917;;;;7.908581E-4;0.0033493042;-7.5344875E-4;0.0;0.0;0.0;0.0;-0.0;0.0;;;;22.0;5.9;43.1;0.0;37.421998333333335;-122.08400000000002;
929;;;;7.937807E-4;0.0033512115;-7.575404E-4;0.0;0.0;0.0;0.0;-0.0;0.0;;;;22.0;5.9;43.1;0.0;37.421998333333335;-122.08400000000002;
939;;;;7.955343E-4;0.0033512115;-7.5929397E-4;0.0;0.0;0.0;0.0;-0.0;0.0;;;;22.0;5.9;43.1;0.0;37.421998333333335;-122.08400000000002;
952;;;;8.005027E-4;0.0033502579;-7.628011E-4;0.0;0.0;0.0;0.0;-0.0;0.0;;;;22.0;5.9;43.1;0.0;37.421998333333335;-122.08400000000002;
963;;;;8.037176E-4;0.0033493042;-7.651392E-4;0.0;0.0;0.0;0.0;-0.0;0.0;;;;22.0;5.9;43.1;0.0;37.421998333333335;-122.08400000000002;
974;;;;8.051789E-4;0.0033512115;-7.6689274E-4;0.0;0.0;0.0;0.0;-0.0;0.0;;;;22.0;5.9;43.1;0.0;37.421998333333335;-122.08400000000002;
986;;;;8.072247E-4;0.0033512115;-7.6981535E-4;0.0;0.0;0.0;0.0;-0.0;0.0;;;;22.0;5.9;43.1;0.0;37.421998333333335;-122.08400000000002;
998;;;;8.116087E-4;0.0033493042;-7.7039987E-4;0.0;0.0;0.0;0.0;-0.0;0.0;;;;22.0;5.9;43.1;0.0;37.421998333333335;-122.08400000000002;
1013;;;;8.116087E-4;0.0033493042;-7.7039987E-4;0.0;0.0;0.0;0.0;-0.0;0.0;;;;22.0;5.9;43.1;0.0;37.421998333333335;-122.08400000000002;
1053;;;;8.2359137E-4;0.0033502579;-7.797522E-4;0.0;0.0;0.0;0.0;-0.0;0.0;;;;22.0;5.9;43.1;0.0;37.421998333333335;-122.08400000000002;
1065;;;;8.285598E-4;0.0033493042;-7.8325934E-4;0.0;0.0;0.0;0.0;-0.0;0.0;;;;22.0;5.9;43.1;0.0;37.421998333333335;-122.08400000000002;
1078;;;;8.3119015E-4;0.0033502579;-7.855974E-4;0.0;0.0;0.0;0.0;-0.0;0.0;;;;22.0;5.9;43.1;0.0;37.421998333333335;-122.08400000000002;
1089;;;;8.3352823E-4;0.0033512115;-7.879355E-4;0.0;0.0;0.0;0.0;-0.0;0.0;;;;22.0;5.9;43.1;0.0;37.421998333333335;-122.08400000000002;
1099;;;;8.3645084E-4;0.0033502579;-7.902736E-4;0.0;0.0;0.0;0.0;-0.0;0.0;;;;22.0;5.9;43.1;0.0;37.421998333333335;-122.08400000000002;
1109;;;;8.3937345E-4;0.0033493042;-7.902736E-4;0.0;0.0;0.0;0.0;-0.0;0.0;;;;22.0;5.9;43.1;0.0;37.421998333333335;-122.08400000000002;
1120;;;;8.41127E-4;0.0033502579;-7.926117E-4;0.0;0.0;0.0;0.0;-0.0;0.0;;;;22.0;5.9;43.1;0.0;37.421998333333335;-122.08400000000002;
1131;;;;8.4375736E-4;0.0033493042;-7.931962E-4;0.0;0.0;0.0;0.0;-0.0;0.0;;;;22.0;5.9;43.1;0.0;37.421998333333335;-122.08400000000002;
1142;;;;8.4521866E-4;0.0033483505;-7.931962E-4;0.0;0.0;0.0;0.0;-0.0;0.0;;;;22.0;5.9;43.1;0.0;37.421998333333335;-122.08400000000002;
1154;;;;8.4960257E-4;0.0033502579;-7.984569E-4;0.0;0.0;0.0;0.0;-0.0;0.0;;;;22.0;5.9;43.1;0.0;37.421998333333335;-122.08400000000002;
1165;;;;8.522329E-4;0.0033493042;-7.990414E-4;0.0;0.0;0.0;0.0;-0.0;0.0;;;;22.0;5.9;43.1;0.0;37.421998333333335;-122.08400000000002;
1176;;;;8.5486326E-4;0.0033502579;-8.01964E-4;0.0;0.0;0.0;0.0;-0.0;0.0;;;;22.0;5.9;43.1;0.0;37.421998333333335;-122.08400000000002;
1187;;;;8.5632456E-4;0.0033502579;-8.0313307E-4;0.0;0.0;0.0;0.0;-0.0;0.0;;;;22.0;5.9;43.1;0.0;37.421998333333335;-122.08400000000002;
1199;;;;8.5720135E-4;0.0033493042;-8.0254854E-4;0.0;0.0;0.0;0.0;-0.0;0.0;;;;22.0;5.9;43.1;0.0;37.421998333333335;-122.08400000000002;
1209;;;;8.6158526E-4;0.0033493042;-8.0780924E-4;0.0;0.0;0.0;0.0;-0.0;0.0;;;;22.0;5.9;43.1;0.0;37.421998333333335;-122.08400000000002;
1244;;;;8.662614E-4;0.0033502579;-8.14239E-4;0.0;0.0;0.0;0.0;-0.0;0.0;;;;22.0;5.9;43.1;0.0;37.421998333333335;-122.08400000000002;
1255;;;;8.662614E-4;0.0033502579;-8.14239E-4;0.0;0.0;0.0;0.0;-0.0;0.0;;;;22.0;5.9;43.1;0.0;37.421998333333335;-122.08400000000002;
1266;;;;8.697686E-4;0.0033502579;-8.1716164E-4;0.0;0.0;0.0;0.0;-0.0;0.0;;;;22.0;5.9;43.1;0.0;37.421998333333335;-122.08400000000002;
1276;;;;8.712299E-4;0.0033502579;-8.189152E-4;0.0;0.0;0.0;0.0;-0.0;0.0;;;;22.0;5.9;43.1;0.0;37.421998333333335;-122.08400000000002;
1287;;;;8.729835E-4;0.0033493042;-8.2066876E-4;0.0;0.0;0.0;0.0;-0.0;0.0;;;;22.0;5.9;43.1;0.0;37.421998333333335;-122.08400000000002;
1297;;;;8.750293E-4;0.0033493042;-8.2300685E-4;0.0;0.0;0.0;0.0;-0.0;0.0;;;;22.0;5.9;43.1;0.0;37.421998333333335;-122.08400000000002;
1309;;;;8.756138E-4;0.0033502579;-8.247604E-4;0.0;0.0;0.0;0.0;-0.0;0.0;;;;22.0;5.9;43.1;0.0;37.421998333333335;-122.08400000000002;
1319;;;;8.794132E-4;0.0033493042;-8.270985E-4;0.0;0.0;0.0;0.0;-0.0;0.0;;;;22.0;5.9;43.1;0.0;37.421998333333335;-122.08400000000002;
1332;;;;8.808745E-4;0.0033493042;-8.2826754E-4;0.0;0.0;0.0;0.0;-0.0;0.0;;;;22.0;5.9;43.1;0.0;37.421998333333335;-122.08400000000002;
1343;;;;8.832126E-4;0.0033502579;-8.329437E-4;0.0;0.0;0.0;0.0;-0.0;0.0;;;;22.0;5.9;43.1;0.0;37.421998333333335;-122.08400000000002;
1354;;;;8.8438165E-4;0.0033502579;-8.329437E-4;0.0;0.0;0.0;0.0;-0.0;0.0;;;;22.0;5.9;43.1;0.0;37.421998333333335;-122.08400000000002;
1365;;;;8.8584295E-4;0.0033502579;-8.352818E-4;0.0;0.0;0.0;0.0;-0.0;0.0;;;;22.0;5.9;43.1;0.0;37.421998333333335;-122.08400000000002;
1402;;;;8.9168816E-4;0.0033502579;-8.4229605E-4;0.0;0.0;0.0;0.0;-0.0;0.0;;;;22.0;5.9;43.1;0.0;37.421998333333335;-122.08400000000002;
1413;;;;8.934417E-4;0.0033502579;-8.428806E-4;0.0;0.0;0.0;0.0;-0.0;0.0;;;;22.0;5.9;43.1;0.0;37.421998333333335;-122.08400000000002;
1423;;;;8.966566E-4;0.0033493042;-8.458032E-4;0.0;0.0;0.0;0.0;-0.0;0.0;;;;22.0;5.9;43.1;0.0;37.421998333333335;-122.08400000000002;
1434;;;;8.966566E-4;0.0033493042;-8.458032E-4;0.0;0.0;0.0;0.0;-0.0;0.0;;;;22.0;5.9;43.1;0.0;37.421998333333335;-122.08400000000002;
1446;;;;9.010405E-4;0.0033493042;-8.510639E-4;0.0;0.0;0.0;0.0;-0.0;0.0;;;;22.0;5.9;43.1;0.0;37.421998333333335;-122.08400000000002;
1457;;;;9.0220955E-4;0.0033502579;-8.522329E-4;0.0;0.0;0.0;0.0;-0.0;0.0;;;;22.0;5.9;43.1;0.0;37.421998333333335;-122.08400000000002;
1468;;;;9.0367085E-4;0.0033493042;-8.522329E-4;0.0;0.0;0.0;0.0;-0.0;0.0;;;;22.0;5.9;43.1;0.0;37.421998333333335;-122.08400000000002;
1479;;;;9.0600894E-4;0.0033502579;-8.551555E-4;0.0;0.0;0.0;0.0;-0.0;0.0;;;;22.0;5.9;43.1;0.0;37.421998333333335;-122.08400000000002;
1489;;;;9.07178E-4;0.0033502579;-8.574936E-4;0.0;0.0;0.0;0.0;-0.0;0.0;;;;22.0;5.9;43.1;0.0;37.421998333333335;-122.08400000000002;
1501;;;;9.0951606E-4;0.0033483505;-8.580781E-4;0.0;0.0;0.0;0.0;-0.0;0.0;;;;22.0;5.9;43.1;0.0;37.421998333333335;-122.08400000000002;
1512;;;;9.1243867E-4;0.0033502579;-8.6158526E-4;0.0;0.0;0.0;0.0;-0.0;0.0;;;;22.0;5.9;43.1;0.0;37.421998333333335;-122.08400000000002;
1523;;;;9.136077E-4;0.0033502579;-8.627543E-4;0.0;0.0;0.0;0.0;-0.0;0.0;;;;22.0;5.9;43.1;0.0;37.421998333333335;-122.08400000000002;
1533;;;;9.153613E-4;0.0033493042;-8.627543E-4;0.0;0.0;0.0;0.0;-0.0;0.0;;;;22.0;5.9;43.1;0.0;37.421998333333335;-122.08400000000002;
1545;;;;9.182839E-4;0.0033493042;-8.650924E-4;0.0;0.0;0.0;0.0;-0.0;0.0;;;;22.0;5.9;43.1;0.0;37.421998333333335;-122.08400000000002;
1555;;;;9.197452E-4;0.0033502579;-8.6684595E-4;0.0;0.0;0.0;0.0;-0.0;0.0;;;;22.0;5.9;43.1;0.0;37.421998333333335;-122.08400000000002;
1566;;;;9.2091423E-4;0.0033502579;-8.6743047E-4;0.0;0.0;0.0;0.0;-0.0;0.0;;;;22.0;5.9;43.1;0.0;37.421998333333335;-122.08400000000002;
1577;;;;9.2237553E-4;0.0033493042;-8.6684595E-4;0.0;0.0;0.0;0.0;-0.0;0.0;;;;22.0;5.9;43.1;0.0;37.421998333333335;-122.08400000000002;
1589;;;;9.2442136E-4;0.0033493042;-8.7035313E-4;0.0;0.0;0.0;0.0;-0.0;0.0;;;;22.0;5.9;43.1;0.0;37.421998333333335;-122.08400000000002;
1600;;;;9.276362E-4;0.0033493042;-8.726912E-4;0.0;0.0;0.0;0.0;-0.0;0.0;;;;22.0;5.9;43.1;0.0;37.421998333333335;-122.08400000000002;
1612;;;;9.290976E-4;0.0033493042;-8.7386026E-4;0.0;0.0;0.0;0.0;-0.0;0.0;;;;22.0;5.9;43.1;0.0;37.421998333333335;-122.08400000000002;
1624;;;;9.305589E-4;0.0033493042;-8.744448E-4;0.0;0.0;0.0;0.0;-0.0;0.0;;;;22.0;5.9;43.1;0.0;37.421998333333335;-122.08400000000002;
1636;;;;9.343583E-4;0.0033493042;-8.779519E-4;0.0;0.0;0.0;0.0;-0.0;0.0;;;;22.0;5.9;43.1;0.0;37.421998333333335;-122.08400000000002;
1648;;;;9.3611184E-4;0.0033502579;-8.7912095E-4;0.0;0.0;0.0;0.0;-0.0;0.0;;;;22.0;5.9;43.1;0.0;37.421998333333335;-122.08400000000002;
1658;;;;9.372809E-4;0.0033493042;-8.8029E-4;0.0;0.0;0.0;0.0;-0.0;0.0;;;;22.0;5.9;43.1;0.0;37.421998333333335;-122.08400000000002;
1670;;;;9.393267E-4;0.0033493042;-8.8145904E-4;0.0;0.0;0.0;0.0;-0.0;0.0;;;;22.0;5.9;43.1;0.0;37.421998333333335;-122.08400000000002;
1681;;;;9.4049575E-4;0.0033502579;-8.8145904E-4;0.0;0.0;0.0;0.0;-0.0;0.0;;;;22.0;5.9;43.1;0.0;37.421998333333335;-122.08400000000002;
1692;;;;9.445874E-4;0.0033502579;-8.8438165E-4;0.0;0.0;0.0;0.0;-0.0;0.0;;;;22.0;5.9;43.1;0.0;37.421998333333335;-122.08400000000002;
1702;;;;9.451719E-4;0.0033502579;-8.861352E-4;0.0;0.0;0.0;0.0;-0.0;0.0;;;;22.0;5.9;43.1;0.0;37.421998333333335;-122.08400000000002;
1714;;;;9.460487E-4;0.0033502579;-8.8730425E-4;0.0;0.0;0.0;0.0;-0.0;0.0;;;;22.0;5.9;43.1;0.0;37.421998333333335;-122.08400000000002;
1726;;;;9.4721775E-4;0.0033502579;-8.878888E-4;0.0;0.0;0.0;0.0;-0.0;0.0;;;;22.0;5.9;43.1;0.0;37.421998333333335;-122.08400000000002;
1735;;;;9.492636E-4;0.0033493042;-8.9022686E-4;0.0;0.0;0.0;0.0;-0.0;0.0;;;;22.0;5.9;43.1;0.0;37.421998333333335;-122.08400000000002;
1747;;;;9.5014035E-4;0.0033493042;-8.9022686E-4;0.0;0.0;0.0;0.0;-0.0;0.0;;;;22.0;5.9;43.1;0.0;37.421998333333335;-122.08400000000002;
1759;;;;9.5014035E-4;0.0033502579;-8.913959E-4;0.0;0.0;0.0;0.0;-0.0;0.0;;;;22.0;5.9;43.1;0.0;37.421998333333335;-122.08400000000002;
1772;;;;9.507249E-4;0.0033493042;-8.9022686E-4;0.0;0.0;0.0;0.0;-0.0;0.0;;;;22.0;5.9;43.1;0.0;37.421998333333335;-122.08400000000002;
1783;;;;9.5247844E-4;0.0033502579;-8.9490303E-4;0.0;0.0;0.0;0.0;-0.0;0.0;;;;22.0;5.9;43.1;0.0;37.421998333333335;-122.08400000000002;
1793;;;;9.533552E-4;0.0033502579;-8.943185E-4;0.0;0.0;0.0;0.0;-0.0;0.0;;;;22.0;5.9;43.1;0.0;37.421998333333335;-122.08400000000002;
1803;;;;9.548165E-4;0.0033502579;-8.966566E-4;0.0;0.0;0.0;0.0;-0.0;0.0;;;;22.0;5.9;43.1;0.0;37.421998333333335;-122.08400000000002;
1814;;;;9.5540105E-4;0.0033502579;-8.972411E-4;0.0;0.0;0.0;0.0;-0.0;0.0;;;;22.0;5.9;43.1;0.0;37.421998333333335;-122.08400000000002;
1826;;;;9.5686235E-4;0.0033493042;-8.972411E-4;0.0;0.0;0.0;0.0;-0.0;0.0;;;;22.0;5.9;43.1;0.0;37.421998333333335;-122.08400000000002;
1839;;;;9.574469E-4;0.0033493042;-8.9841016E-4;0.0;0.0;0.0;0.0;-0.0;0.0;;;;22.0;5.9;43.1;0.0;37.421998333333335;-122.08400000000002;
1852;;;;9.586159E-4;0.0033502579;-9.001637E-4;0.0;0.0;0.0;0.0;-0.0;0.0;;;;22.0;5.9;43.1;0.0;37.421998333333335;-122.08400000000002;
1863;;;;9.603695E-4;0.0033493042;-9.0074824E-4;0.0;0.0;0.0;0.0;-0.0;0.0;;;;22.0;5.9;43.1;0.0;37.421998333333335;-122.08400000000002;
1875;;;;9.6124626E-4;0.0033493042;-9.0074824E-4;0.0;0.0;0.0;0.0;-0.0;0.0;;;;22.0;5.9;43.1;0.0;37.421998333333335;-122.08400000000002;
1885;;;;9.638766E-4;0.0033502579;-9.042554E-4;0.0;0.0;0.0;0.0;-0.0;0.0;;;;22.0;5.9;43.1;0.0;37.421998333333335;-122.08400000000002;
1896;;;;9.644611E-4;0.0033493042;-9.0367085E-4;0.0;0.0;0.0;0.0;-0.0;0.0;;;;22.0;5.9;43.1;0.0;37.421998333333335;-122.08400000000002;
1907;;;;9.6563017E-4;0.0033502579;-9.0367085E-4;0.0;0.0;0.0;0.0;-0.0;0.0;;;;22.0;5.9;43.1;0.0;37.421998333333335;-122.08400000000002;
1922;;;;9.6796826E-4;0.0033493042;-9.054244E-4;0.0;0.0;0.0;0.0;-0.0;0.0;;;;22.0;5.9;43.1;0.0;37.421998333333335;-122.08400000000002;
1933;;;;9.6884504E-4;0.0033493042;-9.0600894E-4;0.0;0.0;0.0;0.0;-0.0;0.0;;;;22.0;5.9;43.1;0.0;37.421998333333335;-122.08400000000002;
1943;;;;9.705986E-4;0.0033502579;-9.08347E-4;0.0;0.0;0.0;0.0;-0.0;0.0;;;;22.0;5.9;43.1;0.0;37.421998333333335;-122.08400000000002;
1954;;;;9.714754E-4;0.0033512115;-9.0951606E-4;0.0;0.0;0.0;0.0;-0.0;0.0;;;;22.0;5.9;43.1;0.0;37.421998333333335;-122.08400000000002;
1964;;;;9.729367E-4;0.0033493042;-9.0893154E-4;0.0;0.0;0.0;0.0;-0.0;0.0;;;;22.0;5.9;43.1;0.0;37.421998333333335;-122.08400000000002;
1975;;;;9.7410573E-4;0.0033502579;-9.112696E-4;0.0;0.0;0.0;0.0;-0.0;0.0;;;;22.0;5.9;43.1;0.0;37.421998333333335;-122.08400000000002;
1986;;;;9.749825E-4;0.0033502579;-9.112696E-4;0.0;0.0;0.0;0.0;-0.0;0.0;;;;22.0;5.9;43.1;0.0;37.421998333333335;-122.08400000000002;
1996;;;;9.773206E-4;0.0033493042;-9.1185415E-4;0.0;0.0;0.0;0.0;-0.0;0.0;;;;22.0;5.9;43.1;0.0;37.421998333333335;-122.08400000000002;
2008;;;;9.790742E-4;0.0033493042;-9.1419223E-4;0.0;0.0;0.0;0.0;-0.0;0.0;;;;22.0;5.9;43.1;0.0;37.421998333333335;-122.08400000000002;
2019;;;;9.8112E-4;0.0033502579;-9.159458E-4;0.0;0.0;0.0;0.0;-0.0;0.0;;;;22.0;5.9;43.1;0.0;37.421998333333335;-122.08400000000002;
2031;;;;9.817046E-4;0.0033502579;-9.159458E-4;0.0;0.0;0.0;0.0;-0.0;0.0;;;;22.0;5.9;43.1;0.0;37.421998333333335;-122.08400000000002;
2043;;;;9.831658E-4;0.0033493042;-9.153613E-4;0.0;0.0;0.0;0.0;-0.0;0.0;;;;22.0;5.9;43.1;0.0;37.421998333333335;-122.08400000000002;
2055;;;;9.852117E-4;0.0033502579;-9.194529E-4;0.0;0.0;0.0;0.0;-0.0;0.0;;;;22.0;5.9;43.1;0.0;37.421998333333335;-122.08400000000002;
2067;;;;9.860884E-4;0.0033493042;-9.2062197E-4;0.0;0.0;0.0;0.0;-0.0;0.0;;;;22.0;5.9;43.1;0.0;37.421998333333335;-122.08400000000002;
2080;;;;9.875498E-4;0.0033502579;-9.212065E-4;0.0;0.0;0.0;0.0;-0.0;0.0;;;;22.0;5.9;43.1;0.0;37.421998333333335;-122.08400000000002;
2091;;;;9.893033E-4;0.0033483505;-9.2296005E-4;0.0;0.0;0.0;0.0;-0.0;0.0;;;;22.0;5.9;43.1;0.0;37.421998333333335;-122.08400000000002;
2102;;;;9.898879E-4;0.0033502579;-9.2529814E-4;0.0;0.0;0.0;0.0;-0.0;0.0;;;;22.0;5.9;43.1;0.0;37.421998333333335;-122.08400000000002;
2112;;;;9.910569E-4;0.0033502579;-9.2529814E-4;0.0;0.0;0.0;0.0;-0.0;0.0;;;;22.0;5.9;43.1;0.0;37.421998333333335;-122.08400000000002;
2125;;;;9.925182E-4;0.0033502579;-9.264672E-4;0.0;0.0;0.0;0.0;-0.0;0.0;;;;22.0;5.9;43.1;0.0;37.421998333333335;-122.08400000000002;
2138;;;;9.936872E-4;0.0033493042;-9.270517E-4;0.0;0.0;0.0;0.0;-0.0;0.0;;;;22.0;5.9;43.1;0.0;37.421998333333335;-122.08400000000002;
2149;;;;9.963176E-4;0.0033512115;-9.2997437E-4;0.0;0.0;0.0;0.0;-0.0;0.0;;;;22.0;5.9;43.1;0.0;37.421998333333335;-122.08400000000002;
2160;;;;9.971943E-4;0.0033502579;-9.305589E-4;0.0;0.0;0.0;0.0;-0.0;0.0;;;;22.0;5.9;43.1;0.0;37.421998333333335;-122.08400000000002;
2172;;;;9.989479E-4;0.0033493042;-9.311434E-4;0.0;0.0;0.0;0.0;-0.0;0.0;;;;22.0;5.9;43.1;0.0;37.421998333333335;-122.08400000000002;
2185;;;;0.001001286;0.0033493042;-9.3231245E-4;0.0;0.0;0.0;0.0;-0.0;0.0;;;;22.0;5.9;43.1;0.0;37.421998333333335;-122.08400000000002;
2255;;;;0.0010100538;0.0033493042;-9.422493E-4;0.0;0.0;0.0;0.0;-0.0;0.0;;;;22.0;5.9;43.1;0.0;37.421998333333335;-122.08400000000002;
2287;;;;0.0010129764;0.0033493042;-9.4751E-4;0.0;0.0;0.0;0.0;-0.0;0.0;;;;22.0;5.9;43.1;0.0;37.421998333333335;-122.08400000000002;
2366;;;;0.0010191139;0.0033493042;-9.551088E-4;0.0;0.0;0.0;0.0;-0.0;0.0;;;;22.0;5.9;43.1;0.0;37.421998333333335;-122.08400000000002;
2409;;;;0.0010223289;0.0033493042;-9.5978496E-4;0.0;0.0;0.0;0.0;-0.0;0.0;;;;22.0;5.9;43.1;0.0;37.421998333333335;-122.08400000000002;
2436;;;;0.0010261282;0.0033502579;-9.662147E-4;0.0;0.0;0.0;0.0;-0.0;0.0;;;;22.0;5.9;43.1;0.0;37.421998333333335;-122.08400000000002;
2459;;;;0.0010278817;0.0033493042;-9.6738373E-4;0.0;0.0;0.0;0.0;-0.0;0.0;;;;22.0;5.9;43.1;0.0;37.421998333333335;-122.08400000000002;
2500;;;;0.0010316812;0.0033502579;-9.74398E-4;0.0;0.0;0.0;0.0;-0.0;0.0;;;;22.0;5.9;43.1;0.0;37.421998333333335;-122.08400000000002;
2526;;;;0.0010343115;0.0033502579;-9.779051E-4;0.0;0.0;0.0;0.0;-0.0;0.0;;;;22.0;5.9;43.1;0.0;37.421998333333335;-122.08400000000002;
2549;;;;0.001034896;0.0033493042;-9.802432E-4;0.0;0.0;0.0;0.0;-0.0;0.0;;;;22.0;5.9;43.1;0.0;37.421998333333335;-122.08400000000002;
2582;;;;0.001037088;0.0033502579;-9.837503E-4;0.0;0.0;0.0;0.0;-0.0;0.0;;;;22.0;5.9;43.1;0.0;37.421998333333335;-122.08400000000002;
2613;;;;0.0010403028;0.0033502579;-9.884265E-4;0.0;0.0;0.0;0.0;-0.0;0.0;;;;22.0;5.9;43.1;0.0;37.421998333333335;-122.08400000000002;
2635;;;;0.0010410335;0.0033493042;-9.884265E-4;0.0;0.0;0.0;0.0;-0.0;0.0;;;;22.0;5.9;43.1;0.0;37.421998333333335;-122.08400000000002;
2670;;;;0.0010438099;0.0033502579;-9.931027E-4;0.0;0.0;0.0;0.0;-0.0;0.0;;;;22.0;5.9;43.1;0.0;37.421998333333335;-122.08400000000002;
2705;;;;0.0010467325;0.0033502579;-9.971943E-4;0.0;0.0;0.0;0.0;-0.0;0.0;;;;22.0;5.9;43.1;0.0;37.421998333333335;-122.08400000000002;
2729;;;;0.0010493629;0.0033493042;-0.0010001169;0.0;0.0;0.0;0.0;-0.0;0.0;;;;22.0;5.9;43.1;0.0;37.421998333333335;-122.08400000000002;
2758;;;;0.001050532;0.0033493042;-0.0010047931;0.0;0.0;0.0;0.0;-0.0;0.0;;;;22.0;5.9;43.1;0.0;37.421998333333335;-122.08400000000002;
2769;;;;0.0010502398;0.0033493042;-0.0010047931;0.0;0.0;0.0;0.0;-0.0;0.0;;;;22.0;5.9;43.1;0.0;37.421998333333335;-122.08400000000002;
2780;;;;0.001050532;0.0033502579;-0.0010083002;0.0;0.0;0.0;0.0;-0.0;0.0;;;;22.0;5.9;43.1;0.0;37.421998333333335;-122.08400000000002;
2792;;;;0.0010511165;0.0033493042;-0.0010083002;0.0;0.0;0.0;0.0;-0.0;0.0;;;;22.0;5.9;43.1;0.0;37.421998333333335;-122.08400000000002;
2802;;;;0.0010518471;0.0033493042;-0.0010100538;0.0;0.0;0.0;0.0;-0.0;0.0;;;;22.0;5.9;43.1;0.0;37.421998333333335;-122.08400000000002;
2814;;;;0.0010522855;0.0033502579;-0.0010112228;0.0;0.0;0.0;0.0;-0.0;0.0;;;;22.0;5.9;43.1;0.0;37.421998333333335;-122.08400000000002;
2827;;;;0.0010530162;0.0033502579;-0.00101473;0.0;0.0;0.0;0.0;-0.0;0.0;;;;22.0;5.9;43.1;0.0;37.421998333333335;-122.08400000000002;
2838;;;;0.0010536007;0.0033493042;-0.0010141454;0.0;0.0;0.0;0.0;-0.0;0.0;;;;22.0;5.9;43.1;0.0;37.421998333333335;-122.08400000000002;
2849;;;;0.0010543314;0.0033502579;-0.0010176527;0.0;0.0;0.0;0.0;-0.0;0.0;;;;22.0;5.9;43.1;0.0;37.421998333333335;-122.08400000000002;
2860;;;;0.0010547697;0.0033502579;-0.0010182372;0.0;0.0;0.0;0.0;-0.0;0.0;;;;22.0;5.9;43.1;0.0;37.421998333333335;-122.08400000000002;
2872;;;;0.001055062;0.0033502579;-0.0010211598;0.0;0.0;0.0;0.0;-0.0;0.0;;;;22.0;5.9;43.1;0.0;37.421998333333335;-122.08400000000002;
2883;;;;0.0010556466;0.0033502579;-0.0010229134;0.0;0.0;0.0;0.0;-0.0;0.0;;;;22.0;5.9;43.1;0.0;37.421998333333335;-122.08400000000002;
2894;;;;0.0010562311;0.0033493042;-0.0010234979;0.0;0.0;0.0;0.0;-0.0;0.0;;;;22.0;5.9;43.1;0.0;37.421998333333335;-122.08400000000002;
2906;;;;0.0010571078;0.0033493042;-0.0010252515;0.0;0.0;0.0;0.0;-0.0;0.0;;;;22.0;5.9;43.1;0.0;37.421998333333335;-122.08400000000002;
2918;;;;0.0010585692;0.0033502579;-0.0010275895;0.0;0.0;0.0;0.0;-0.0;0.0;;;;22.0;5.9;43.1;0.0;37.421998333333335;-122.08400000000002;
2930;;;;0.0010592998;0.0033502579;-0.0010293431;0.0;0.0;0.0;0.0;-0.0;0.0;;;;22.0;5.9;43.1;0.0;37.421998333333335;-122.08400000000002;
2941;;;;0.0010595921;0.0033493042;-0.0010299276;0.0;0.0;0.0;0.0;-0.0;0.0;;;;22.0;5.9;43.1;0.0;37.421998333333335;-122.08400000000002;
2952;;;;0.0010611995;0.0033502579;-0.0010328502;0.0;0.0;0.0;0.0;-0.0;0.0;;;;22.0;5.9;43.1;0.0;37.421998333333335;-122.08400000000002;
2963;;;;0.0010609073;0.0033493042;-0.0010328502;0.0;0.0;0.0;0.0;-0.0;0.0;;;;22.0;5.9;43.1;0.0;37.421998333333335;-122.08400000000002;
2973;;;;0.0010616379;0.0033493042;-0.0010346038;0.0;0.0;0.0;0.0;-0.0;0.0;;;;22.0;5.9;43.1;0.0;37.421998333333335;-122.08400000000002;
2983;;;;0.0010619302;0.0033502579;-0.0010363574;0.0;0.0;0.0;0.0;-0.0;0.0;;;;22.0;5.9;43.1;0.0;37.421998333333335;-122.08400000000002;
2994;;;;0.0010619302;0.0033502579;-0.0010369419;0.0;0.0;0.0;0.0;-0.0;0.0;;;;22.0;5.9;43.1;0.0;37.421998333333335;-122.08400000000002;
3006;;;;0.0010622224;0.0033502579;-0.0010386955;0.0;0.0;0.0;0.0;-0.0;0.0;;;;22.0;5.9;43.1;0.0;37.421998333333335;-122.08400000000002;
3017;;;;0.0010625147;0.0033493042;-0.0010398645;0.0;0.0;0.0;0.0;-0.0;0.0;;;;22.0;5.9;43.1;0.0;37.421998333333335;-122.08400000000002;
3029;;;;0.0010635376;0.0033502579;-0.0010422026;0.0;0.0;0.0;0.0;-0.0;0.0;;;;22.0;5.9;43.1;0.0;37.421998333333335;-122.08400000000002;
3041;;;;0.0010638299;0.0033493042;-0.0010422026;0.0;0.0;0.0;0.0;-0.0;0.0;;;;22.0;5.9;43.1;0.0;37.421998333333335;-122.08400000000002;
3054;;;;0.0010641221;0.0033493042;-0.0010439561;0.0;0.0;0.0;0.0;-0.0;0.0;;;;22.0;5.9;43.1;0.0;37.421998333333335;-122.08400000000002;
3065;;;;0.0010642683;0.0033502579;-0.0010462942;0.0;0.0;0.0;0.0;-0.0;0.0;;;;22.0;5.9;43.1;0.0;37.421998333333335;-122.08400000000002;
3075;;;;0.0010644144;0.0033493042;-0.0010462942;0.0;0.0;0.0;0.0;-0.0;0.0;;;;22.0;5.9;43.1;0.0;37.421998333333335;-122.08400000000002;
3086;;;;0.0010645605;0.0033502579;-0.0010486323;0.0;0.0;0.0;0.0;-0.0;0.0;;;;22.0;5.9;43.1;0.0;37.421998333333335;-122.08400000000002;
3097;;;;0.0010649989;0.0033493042;-0.0010498014;0.0;0.0;0.0;0.0;-0.0;0.0;;;;22.0;5.9;43.1;0.0;37.421998333333335;-122.08400000000002;
3109;;;;0.0010644144;0.0033493042;-0.0010498014;0.0;0.0;0.0;0.0;-0.0;0.0;;;;22.0;5.9;43.1;0.0;37.421998333333335;-122.08400000000002;
3120;;;;0.0010647066;0.0033512115;-0.0010515549;0.0;0.0;0.0;0.0;-0.0;0.0;;;;22.0;5.9;43.1;0.0;37.421998333333335;-122.08400000000002;
3130;;;;0.0010647066;0.0033493042;-0.0010503859;0.0;0.0;0.0;0.0;-0.0;0.0;;;;22.0;5.9;43.1;0.0;37.421998333333335;-122.08400000000002;
3163;;;;0.0010664602;0.0033502579;-0.001055062;0.0;0.0;0.0;0.0;-0.0;0.0;;;;22.0;5.9;43.1;0.0;37.421998333333335;-122.08400000000002;
3188;;;;0.001067337;0.0033502579;-0.0010574001;0.0;0.0;0.0;0.0;-0.0;0.0;;;;22.0;5.9;43.1;0.0;37.421998333333335;-122.08400000000002;


Lista de sensores:

Nombre: Goldfish 3-axis Accelerometer
Resolución: 2.480159E-4
Vendor: The Android Open Source Project
Tipo: 1


Nombre: Goldfish 3-axis Gyroscope
Resolución: 0.001
Vendor: The Android Open Source Project
Tipo: 4


Nombre: Goldfish 3-axis Magnetic field sensor
Resolución: 1.0
Vendor: The Android Open Source Project
Tipo: 2


Nombre: Goldfish Orientation sensor
Resolución: 1.0
Vendor: The Android Open Source Project
Tipo: 3


Nombre: Goldfish Temperature sensor
Resolución: 1.0
Vendor: The Android Open Source Project
Tipo: 13


Nombre: Goldfish Proximity sensor
Resolución: 1.0
Vendor: The Android Open Source Project
Tipo: 8


Nombre: Goldfish Light sensor
Resolución: 1.0
Vendor: The Android Open Source Project
Tipo: 5


Nombre: Goldfish Pressure sensor
Resolución: 1.0
Vendor: The Android Open Source Project
Tipo: 6


Nombre: Goldfish Humidity sensor
Resolución: 1.0
Vendor: The Android Open Source Project
Tipo: 12


Nombre: Goldfish 3-axis Magnetic field sensor (uncalibrated)
Resolución: 1.0
Vendor: The Android Open Source Project
Tipo: 14


Nombre: Game Rotation Vector Sensor
Resolución: 5.9604645E-8
Vendor: AOSP
Tipo: 15


Nombre: GeoMag Rotation Vector Sensor
Resolución: 5.9604645E-8
Vendor: AOSP
Tipo: 20


Nombre: Gravity Sensor
Resolución: 2.480159E-4
Vendor: AOSP
Tipo: 9


Nombre: Linear Acceleration Sensor
Resolución: 2.480159E-4
Vendor: AOSP
Tipo: 10


Nombre: Rotation Vector Sensor
Resolución: 5.9604645E-8
Vendor: AOSP
Tipo: 11


Nombre: Orientation Sensor
Resolución: 0.00390625
Vendor: AOSP
Tipo: 3


FocusModes: 

fixed



Número de satelites 
1

Número de satelites usados en la última geolocalización
0

